v_ds2	Id(M2)
0.000000000000000e+00	0.000000e+00
1.000000000000000e-02	8.527645e-11
2.000000000000000e-02	1.693791e-10
3.000000000000000e-02	2.534624e-10
4.000000000000000e-02	3.373083e-10
5.000000000000000e-02	4.209932e-10
6.000000000000000e-02	5.045685e-10
7.000000000000001e-02	5.880694e-10
8.000000000000000e-02	6.715195e-10
9.000000000000000e-02	7.549305e-10
9.999999999999999e-02	8.383170e-10
1.100000000000000e-01	9.216893e-10
1.200000000000000e-01	1.005053e-09
1.300000000000000e-01	1.088410e-09
1.400000000000000e-01	1.171764e-09
1.500000000000000e-01	1.255115e-09
1.600000000000000e-01	1.338465e-09
1.700000000000000e-01	1.421813e-09
1.800000000000000e-01	1.505160e-09
1.900000000000000e-01	1.588506e-09
2.000000000000000e-01	1.671852e-09
2.100000000000000e-01	1.755197e-09
2.200000000000001e-01	1.838542e-09
2.300000000000001e-01	1.921887e-09
2.400000000000001e-01	2.005232e-09
2.500000000000001e-01	2.088576e-09
2.600000000000001e-01	2.171920e-09
2.700000000000001e-01	2.255264e-09
2.800000000000001e-01	2.338608e-09
2.900000000000001e-01	2.421952e-09
3.000000000000001e-01	2.505296e-09
3.100000000000001e-01	2.588640e-09
3.200000000000001e-01	2.671983e-09
3.300000000000001e-01	2.755327e-09
3.400000000000001e-01	2.838670e-09
3.500000000000001e-01	2.922014e-09
3.600000000000002e-01	3.005357e-09
3.700000000000002e-01	3.088701e-09
3.800000000000002e-01	3.172044e-09
3.900000000000002e-01	3.255388e-09
4.000000000000002e-01	3.338732e-09
4.100000000000002e-01	3.422075e-09
4.200000000000002e-01	3.505418e-09
4.300000000000002e-01	3.588762e-09
4.400000000000002e-01	3.672105e-09
4.500000000000002e-01	3.755449e-09
4.600000000000002e-01	3.838792e-09
4.700000000000003e-01	3.922136e-09
4.800000000000003e-01	4.005479e-09
4.900000000000003e-01	4.088822e-09
5.000000000000002e-01	4.172166e-09
5.100000000000002e-01	4.255509e-09
5.200000000000002e-01	4.338852e-09
5.300000000000002e-01	4.422196e-09
5.400000000000003e-01	4.505539e-09
5.500000000000003e-01	4.588883e-09
5.600000000000003e-01	4.672226e-09
5.700000000000003e-01	4.755569e-09
5.800000000000003e-01	4.838912e-09
5.900000000000003e-01	4.922256e-09
6.000000000000003e-01	5.005599e-09
6.100000000000003e-01	5.088943e-09
6.200000000000003e-01	5.172286e-09
6.300000000000003e-01	5.255629e-09
6.400000000000003e-01	5.338973e-09
6.500000000000004e-01	5.422316e-09
6.600000000000004e-01	5.505659e-09
6.700000000000004e-01	5.589003e-09
6.800000000000004e-01	5.672346e-09
6.900000000000004e-01	5.755690e-09
7.000000000000004e-01	5.839033e-09
7.100000000000004e-01	5.922376e-09
7.200000000000004e-01	6.005719e-09
7.300000000000004e-01	6.089063e-09
7.400000000000004e-01	6.172406e-09
7.500000000000004e-01	6.255750e-09
7.600000000000005e-01	6.339093e-09
7.700000000000005e-01	6.422436e-09
7.800000000000005e-01	6.505779e-09
7.900000000000005e-01	6.589123e-09
8.000000000000005e-01	6.672466e-09
8.100000000000005e-01	6.755809e-09
8.200000000000005e-01	6.839153e-09
8.300000000000005e-01	6.922496e-09
8.400000000000005e-01	7.005839e-09
8.500000000000005e-01	7.089183e-09
8.600000000000005e-01	7.172526e-09
8.700000000000006e-01	7.255870e-09
8.800000000000006e-01	7.339213e-09
8.900000000000006e-01	7.422556e-09
9.000000000000006e-01	7.505900e-09
9.100000000000006e-01	7.589243e-09
9.200000000000006e-01	7.672586e-09
9.300000000000006e-01	7.755929e-09
9.400000000000006e-01	7.839273e-09
9.500000000000006e-01	7.922616e-09
9.600000000000006e-01	8.005959e-09
9.700000000000006e-01	8.089303e-09
9.800000000000006e-01	8.172647e-09
9.900000000000007e-01	8.255990e-09
1.000000000000001e+00	8.339333e-09
1.010000000000001e+00	8.422677e-09
1.020000000000001e+00	8.506020e-09
1.030000000000001e+00	8.589363e-09
1.040000000000001e+00	8.672706e-09
1.050000000000001e+00	8.756049e-09
1.060000000000001e+00	8.839393e-09
1.070000000000001e+00	8.922736e-09
1.080000000000001e+00	9.006079e-09
1.090000000000001e+00	9.089423e-09
1.100000000000001e+00	9.172767e-09
1.110000000000001e+00	9.256110e-09
1.120000000000001e+00	9.339453e-09
1.130000000000001e+00	9.422797e-09
1.140000000000001e+00	9.506140e-09
1.150000000000001e+00	9.589483e-09
1.160000000000001e+00	9.672826e-09
1.170000000000001e+00	9.756170e-09
1.180000000000001e+00	9.839513e-09
1.190000000000001e+00	9.922856e-09
1.200000000000001e+00	1.000620e-08
1.210000000000001e+00	1.008954e-08
1.220000000000001e+00	1.017289e-08
1.230000000000001e+00	1.025623e-08
1.240000000000001e+00	1.033957e-08
1.250000000000001e+00	1.042292e-08
1.260000000000001e+00	1.050626e-08
1.270000000000001e+00	1.058960e-08
1.280000000000001e+00	1.067295e-08
1.290000000000001e+00	1.075629e-08
1.300000000000001e+00	1.083963e-08
1.310000000000001e+00	1.092298e-08
1.320000000000001e+00	1.100632e-08
1.330000000000001e+00	1.108966e-08
1.340000000000001e+00	1.117301e-08
1.350000000000001e+00	1.125635e-08
1.360000000000001e+00	1.133969e-08
1.370000000000001e+00	1.142304e-08
1.380000000000001e+00	1.150638e-08
1.390000000000001e+00	1.158972e-08
1.400000000000001e+00	1.167307e-08
1.410000000000001e+00	1.175641e-08
1.420000000000001e+00	1.183975e-08
1.430000000000001e+00	1.192310e-08
1.440000000000001e+00	1.200644e-08
1.450000000000001e+00	1.208978e-08
1.460000000000001e+00	1.217313e-08
1.470000000000001e+00	1.225647e-08
1.480000000000001e+00	1.233981e-08
1.490000000000001e+00	1.242316e-08
1.500000000000001e+00	1.250650e-08
1.510000000000001e+00	1.258984e-08
1.520000000000001e+00	1.267319e-08
1.530000000000001e+00	1.275653e-08
1.540000000000001e+00	1.283987e-08
1.550000000000001e+00	1.292322e-08
1.560000000000001e+00	1.300656e-08
1.570000000000001e+00	1.308990e-08
1.580000000000001e+00	1.317325e-08
1.590000000000001e+00	1.325659e-08
1.600000000000001e+00	1.333993e-08
1.610000000000001e+00	1.342328e-08
1.620000000000001e+00	1.350662e-08
1.630000000000001e+00	1.358996e-08
1.640000000000001e+00	1.367331e-08
1.650000000000001e+00	1.375665e-08
1.660000000000001e+00	1.383999e-08
1.670000000000001e+00	1.392334e-08
1.680000000000001e+00	1.400668e-08
1.690000000000001e+00	1.409002e-08
1.700000000000001e+00	1.417337e-08
1.710000000000001e+00	1.425671e-08
1.720000000000001e+00	1.434005e-08
1.730000000000001e+00	1.442340e-08
1.740000000000001e+00	1.450674e-08
1.750000000000001e+00	1.459008e-08
1.760000000000001e+00	1.467343e-08
1.770000000000001e+00	1.475677e-08
1.780000000000001e+00	1.484011e-08
1.790000000000001e+00	1.492346e-08
1.800000000000001e+00	1.500680e-08
1.810000000000001e+00	1.509014e-08
1.820000000000001e+00	1.517349e-08
1.830000000000001e+00	1.525683e-08
1.840000000000001e+00	1.534017e-08
1.850000000000001e+00	1.542352e-08
1.860000000000001e+00	1.550686e-08
1.870000000000001e+00	1.559020e-08
1.880000000000001e+00	1.567355e-08
1.890000000000001e+00	1.575689e-08
1.900000000000001e+00	1.584023e-08
1.910000000000001e+00	1.592358e-08
1.920000000000001e+00	1.600692e-08
1.930000000000001e+00	1.609026e-08
1.940000000000002e+00	1.617361e-08
1.950000000000002e+00	1.625695e-08
1.960000000000002e+00	1.634029e-08
1.970000000000002e+00	1.642364e-08
1.980000000000002e+00	1.650698e-08
1.990000000000002e+00	1.659032e-08
2.000000000000001e+00	1.667367e-08
2.010000000000001e+00	1.675701e-08
2.020000000000001e+00	1.684035e-08
2.030000000000001e+00	1.692370e-08
2.040000000000000e+00	1.700704e-08
2.050000000000000e+00	1.709038e-08
2.060000000000000e+00	1.717373e-08
2.070000000000000e+00	1.725707e-08
2.080000000000000e+00	1.734041e-08
2.089999999999999e+00	1.742376e-08
2.099999999999999e+00	1.750710e-08
2.109999999999999e+00	1.759044e-08
2.119999999999999e+00	1.767379e-08
2.129999999999999e+00	1.775713e-08
2.139999999999998e+00	1.784047e-08
2.149999999999998e+00	1.792382e-08
2.159999999999998e+00	1.800716e-08
2.169999999999998e+00	1.809050e-08
2.179999999999997e+00	1.817385e-08
2.189999999999997e+00	1.825719e-08
2.199999999999997e+00	1.834053e-08
2.209999999999997e+00	1.842388e-08
2.219999999999997e+00	1.850722e-08
2.229999999999996e+00	1.859056e-08
2.239999999999996e+00	1.867391e-08
2.249999999999996e+00	1.875725e-08
2.259999999999996e+00	1.884059e-08
2.269999999999996e+00	1.892394e-08
2.279999999999995e+00	1.900728e-08
2.289999999999995e+00	1.909062e-08
2.299999999999995e+00	1.917397e-08
2.309999999999995e+00	1.925731e-08
2.319999999999995e+00	1.934065e-08
2.329999999999994e+00	1.942400e-08
2.339999999999994e+00	1.950734e-08
2.349999999999994e+00	1.959068e-08
2.359999999999994e+00	1.967403e-08
2.369999999999993e+00	1.975737e-08
2.379999999999993e+00	1.984071e-08
2.389999999999993e+00	1.992406e-08
2.399999999999993e+00	2.000740e-08
2.409999999999993e+00	2.009074e-08
2.419999999999992e+00	2.017409e-08
2.429999999999992e+00	2.025743e-08
2.439999999999992e+00	2.034077e-08
2.449999999999992e+00	2.042412e-08
2.459999999999992e+00	2.050746e-08
2.469999999999991e+00	2.059080e-08
2.479999999999991e+00	2.067415e-08
2.489999999999991e+00	2.075749e-08
2.499999999999991e+00	2.084083e-08
2.509999999999990e+00	2.092418e-08
2.519999999999990e+00	2.100752e-08
2.529999999999990e+00	2.109086e-08
2.539999999999990e+00	2.117421e-08
2.549999999999990e+00	2.125755e-08
2.559999999999989e+00	2.134089e-08
2.569999999999989e+00	2.142424e-08
2.579999999999989e+00	2.150758e-08
2.589999999999989e+00	2.159092e-08
2.599999999999989e+00	2.167427e-08
2.609999999999988e+00	2.175761e-08
2.619999999999988e+00	2.184095e-08
2.629999999999988e+00	2.192430e-08
2.639999999999988e+00	2.200764e-08
2.649999999999987e+00	2.209098e-08
2.659999999999987e+00	2.217433e-08
2.669999999999987e+00	2.225767e-08
2.679999999999987e+00	2.234101e-08
2.689999999999987e+00	2.242436e-08
2.699999999999986e+00	2.250770e-08
2.709999999999986e+00	2.259104e-08
2.719999999999986e+00	2.267439e-08
2.729999999999986e+00	2.275773e-08
2.739999999999986e+00	2.284107e-08
2.749999999999985e+00	2.292442e-08
2.759999999999985e+00	2.300776e-08
2.769999999999985e+00	2.309110e-08
2.779999999999985e+00	2.317445e-08
2.789999999999984e+00	2.325779e-08
2.799999999999984e+00	2.334113e-08
2.809999999999984e+00	2.342448e-08
2.819999999999984e+00	2.350782e-08
2.829999999999984e+00	2.359116e-08
2.839999999999983e+00	2.367451e-08
2.849999999999983e+00	2.375785e-08
2.859999999999983e+00	2.384119e-08
2.869999999999983e+00	2.392454e-08
2.879999999999983e+00	2.400788e-08
2.889999999999982e+00	2.409122e-08
2.899999999999982e+00	2.417457e-08
2.909999999999982e+00	2.425791e-08
2.919999999999982e+00	2.434125e-08
2.929999999999982e+00	2.442460e-08
2.939999999999981e+00	2.450794e-08
2.949999999999981e+00	2.459128e-08
2.959999999999981e+00	2.467463e-08
2.969999999999981e+00	2.475797e-08
2.979999999999980e+00	2.484131e-08
2.989999999999980e+00	2.492466e-08
2.999999999999980e+00	2.500800e-08
3.009999999999980e+00	2.509134e-08
3.019999999999980e+00	2.517469e-08
3.029999999999979e+00	2.525803e-08
3.039999999999979e+00	2.534137e-08
3.049999999999979e+00	2.542472e-08
3.059999999999979e+00	2.550806e-08
3.069999999999979e+00	2.559140e-08
3.079999999999978e+00	2.567475e-08
3.089999999999978e+00	2.575809e-08
3.099999999999978e+00	2.584143e-08
3.109999999999978e+00	2.592478e-08
3.119999999999977e+00	2.600812e-08
3.129999999999977e+00	2.609146e-08
3.139999999999977e+00	2.617481e-08
3.149999999999977e+00	2.625815e-08
3.159999999999977e+00	2.634149e-08
3.169999999999976e+00	2.642484e-08
3.179999999999976e+00	2.650818e-08
3.189999999999976e+00	2.659152e-08
3.199999999999976e+00	2.667487e-08
3.209999999999976e+00	2.675821e-08
3.219999999999975e+00	2.684155e-08
3.229999999999975e+00	2.692490e-08
3.239999999999975e+00	2.700824e-08
3.249999999999975e+00	2.709158e-08
3.259999999999974e+00	2.717493e-08
3.269999999999974e+00	2.725827e-08
3.279999999999974e+00	2.734161e-08
3.289999999999974e+00	2.742496e-08
3.299999999999974e+00	2.750830e-08
3.309999999999973e+00	2.759164e-08
3.319999999999973e+00	2.767499e-08
3.329999999999973e+00	2.775833e-08
3.339999999999973e+00	2.784167e-08
3.349999999999973e+00	2.792502e-08
3.359999999999972e+00	2.800836e-08
3.369999999999972e+00	2.809170e-08
3.379999999999972e+00	2.817505e-08
3.389999999999972e+00	2.825839e-08
3.399999999999971e+00	2.834173e-08
3.409999999999971e+00	2.842508e-08
3.419999999999971e+00	2.850842e-08
3.429999999999971e+00	2.859176e-08
3.439999999999971e+00	2.867511e-08
3.449999999999970e+00	2.875845e-08
3.459999999999970e+00	2.884179e-08
3.469999999999970e+00	2.892514e-08
3.479999999999970e+00	2.900848e-08
3.489999999999970e+00	2.909182e-08
3.499999999999969e+00	2.917517e-08
3.509999999999969e+00	2.925851e-08
3.519999999999969e+00	2.934185e-08
3.529999999999969e+00	2.942519e-08
3.539999999999969e+00	2.950854e-08
3.549999999999968e+00	2.959188e-08
3.559999999999968e+00	2.967523e-08
3.569999999999968e+00	2.975857e-08
3.579999999999968e+00	2.984191e-08
3.589999999999967e+00	2.992526e-08
3.599999999999967e+00	3.000860e-08
3.609999999999967e+00	3.009194e-08
3.619999999999967e+00	3.017529e-08
3.629999999999967e+00	3.025863e-08
3.639999999999966e+00	3.034197e-08
3.649999999999966e+00	3.042532e-08
3.659999999999966e+00	3.050866e-08
3.669999999999966e+00	3.059200e-08
3.679999999999966e+00	3.067534e-08
3.689999999999965e+00	3.075869e-08
3.699999999999965e+00	3.084203e-08
3.709999999999965e+00	3.092537e-08
3.719999999999965e+00	3.100872e-08
3.729999999999964e+00	3.109206e-08
3.739999999999964e+00	3.117541e-08
3.749999999999964e+00	3.125875e-08
3.759999999999964e+00	3.134209e-08
3.769999999999964e+00	3.142544e-08
3.779999999999963e+00	3.150878e-08
3.789999999999963e+00	3.159212e-08
3.799999999999963e+00	3.167547e-08
3.809999999999963e+00	3.175881e-08
3.819999999999963e+00	3.184215e-08
3.829999999999962e+00	3.192550e-08
3.839999999999962e+00	3.200884e-08
3.849999999999962e+00	3.209218e-08
3.859999999999962e+00	3.217553e-08
3.869999999999961e+00	3.225887e-08
3.879999999999961e+00	3.234221e-08
3.889999999999961e+00	3.242556e-08
3.899999999999961e+00	3.250890e-08
3.909999999999961e+00	3.259224e-08
3.919999999999960e+00	3.267559e-08
3.929999999999960e+00	3.275893e-08
3.939999999999960e+00	3.284227e-08
3.949999999999960e+00	3.292562e-08
3.959999999999960e+00	3.300896e-08
3.969999999999959e+00	3.309230e-08
3.979999999999959e+00	3.317565e-08
3.989999999999959e+00	3.325899e-08
3.999999999999959e+00	3.334233e-08
4.009999999999959e+00	3.342567e-08
4.019999999999959e+00	3.350902e-08
4.029999999999959e+00	3.359236e-08
4.039999999999958e+00	3.367571e-08
4.049999999999958e+00	3.375905e-08
4.059999999999958e+00	3.384239e-08
4.069999999999958e+00	3.392574e-08
4.079999999999957e+00	3.400908e-08
4.089999999999957e+00	3.409242e-08
4.099999999999957e+00	3.417577e-08
4.109999999999957e+00	3.425911e-08
4.119999999999957e+00	3.434245e-08
4.129999999999956e+00	3.442580e-08
4.139999999999956e+00	3.450914e-08
4.149999999999956e+00	3.459248e-08
4.159999999999956e+00	3.467582e-08
4.169999999999956e+00	3.475917e-08
4.179999999999955e+00	3.484251e-08
4.189999999999955e+00	3.492586e-08
4.199999999999955e+00	3.500920e-08
4.209999999999955e+00	3.509254e-08
4.219999999999954e+00	3.517588e-08
4.229999999999954e+00	3.525923e-08
4.239999999999954e+00	3.534257e-08
4.249999999999954e+00	3.542592e-08
4.259999999999954e+00	3.550926e-08
4.269999999999953e+00	3.559260e-08
4.279999999999953e+00	3.567595e-08
4.289999999999953e+00	3.575929e-08
4.299999999999953e+00	3.584263e-08
4.309999999999953e+00	3.592598e-08
4.319999999999952e+00	3.600932e-08
4.329999999999952e+00	3.609266e-08
4.339999999999952e+00	3.617600e-08
4.349999999999952e+00	3.625935e-08
4.359999999999951e+00	3.634269e-08
4.369999999999951e+00	3.642604e-08
4.379999999999951e+00	3.650938e-08
4.389999999999951e+00	3.659272e-08
4.399999999999951e+00	3.667607e-08
4.409999999999950e+00	3.675941e-08
4.419999999999950e+00	3.684275e-08
4.429999999999950e+00	3.692610e-08
4.439999999999950e+00	3.700944e-08
4.449999999999950e+00	3.709278e-08
4.459999999999949e+00	3.717613e-08
4.469999999999949e+00	3.725947e-08
4.479999999999949e+00	3.734281e-08
4.489999999999949e+00	3.742615e-08
4.499999999999948e+00	3.750950e-08
4.509999999999948e+00	3.759284e-08
4.519999999999948e+00	3.767619e-08
4.529999999999948e+00	3.775953e-08
4.539999999999948e+00	3.784287e-08
4.549999999999947e+00	3.792622e-08
4.559999999999947e+00	3.800956e-08
4.569999999999947e+00	3.809290e-08
4.579999999999947e+00	3.817625e-08
4.589999999999947e+00	3.825959e-08
4.599999999999946e+00	3.834293e-08
4.609999999999946e+00	3.842628e-08
4.619999999999946e+00	3.850962e-08
4.629999999999946e+00	3.859296e-08
4.639999999999946e+00	3.867630e-08
4.649999999999945e+00	3.875965e-08
4.659999999999945e+00	3.884299e-08
4.669999999999945e+00	3.892634e-08
4.679999999999945e+00	3.900968e-08
4.689999999999944e+00	3.909302e-08
4.699999999999944e+00	3.917636e-08
4.709999999999944e+00	3.925971e-08
4.719999999999944e+00	3.934305e-08
4.729999999999944e+00	3.942640e-08
4.739999999999943e+00	3.950974e-08
4.749999999999943e+00	3.959308e-08
4.759999999999943e+00	3.967643e-08
4.769999999999943e+00	3.975977e-08
4.779999999999943e+00	3.984311e-08
4.789999999999942e+00	3.992646e-08
4.799999999999942e+00	4.000980e-08
4.809999999999942e+00	4.009314e-08
4.819999999999942e+00	4.017648e-08
4.829999999999941e+00	4.025983e-08
4.839999999999941e+00	4.034317e-08
4.849999999999941e+00	4.042651e-08
4.859999999999941e+00	4.050986e-08
4.869999999999941e+00	4.059320e-08
4.879999999999940e+00	4.067655e-08
4.889999999999940e+00	4.075989e-08
4.899999999999940e+00	4.084323e-08
4.909999999999940e+00	4.092658e-08
4.919999999999940e+00	4.100992e-08
4.929999999999939e+00	4.109326e-08
4.939999999999939e+00	4.117661e-08
4.949999999999939e+00	4.125995e-08
4.959999999999939e+00	4.134329e-08
4.969999999999938e+00	4.142663e-08
4.979999999999938e+00	4.150998e-08
4.989999999999938e+00	4.159332e-08
5.000000000000000e+00	4.167667e-08
