i1	V(n008)
1.000000000000000e-06	9.995037e-01
1.015468992433080e-06	1.000055e+00
1.031177274593055e-06	1.000600e+00
1.047128548050899e-06	1.001148e+00
1.063326571637161e-06	1.001696e+00
1.079775162327709e-06	1.002245e+00
1.096478196143185e-06	1.002793e+00
1.113439609062361e-06	1.003342e+00
1.130663397949639e-06	1.003890e+00
1.148153621496882e-06	1.004438e+00
1.165914401179831e-06	1.004987e+00
1.183949922229301e-06	1.005535e+00
1.202264434617412e-06	1.006084e+00
1.220862254059070e-06	1.006632e+00
1.239747763028943e-06	1.007180e+00
1.258925411794166e-06	1.007729e+00
1.278399719463022e-06	1.008277e+00
1.298175275049848e-06	1.008826e+00
1.318256738556406e-06	1.009374e+00
1.338648842069992e-06	1.009923e+00
1.359356390878524e-06	1.010471e+00
1.380384264602883e-06	1.011019e+00
1.401737418346768e-06	1.011568e+00
1.423420883864340e-06	1.012116e+00
1.445439770745925e-06	1.012665e+00
1.467799267622067e-06	1.013213e+00
1.490504643386194e-06	1.013762e+00
1.513561248436205e-06	1.014310e+00
1.536974515935269e-06	1.014858e+00
1.560749963092109e-06	1.015407e+00
1.584893192461110e-06	1.015955e+00
1.609409893262532e-06	1.016504e+00
1.634305842723134e-06	1.017052e+00
1.659586907437557e-06	1.017600e+00
1.685259044750748e-06	1.018149e+00
1.711328304161777e-06	1.018697e+00
1.737800828749371e-06	1.019246e+00
1.764682856619496e-06	1.019794e+00
1.791980722375329e-06	1.020343e+00
1.819700858609979e-06	1.020891e+00
1.847849797422286e-06	1.021439e+00
1.876434171956080e-06	1.021988e+00
1.905460717963242e-06	1.022536e+00
1.934936275390947e-06	1.023085e+00
1.964867789993462e-06	1.023633e+00
1.995262314968874e-06	1.024182e+00
2.026127012621137e-06	1.024730e+00
2.057469156047833e-06	1.025278e+00
2.089296130854033e-06	1.025827e+00
2.121615436892677e-06	1.026375e+00
2.154434690031876e-06	1.026924e+00
2.187761623949545e-06	1.027472e+00
2.221604091955804e-06	1.028021e+00
2.255970068843568e-06	1.028569e+00
2.290867652767765e-06	1.029117e+00
2.326305067153617e-06	1.029666e+00
2.362290662634453e-06	1.030214e+00
2.398832919019481e-06	1.030763e+00
2.435940447292017e-06	1.031311e+00
2.473621991638611e-06	1.031860e+00
2.511886431509570e-06	1.032408e+00
2.550742783711348e-06	1.032956e+00
2.590200204531313e-06	1.033505e+00
2.630267991895371e-06	1.034053e+00
2.670955587558973e-06	1.034602e+00
2.712272579332016e-06	1.035150e+00
2.754228703338154e-06	1.035699e+00
2.796833846309064e-06	1.036247e+00
2.840098047914202e-06	1.036795e+00
2.884031503126592e-06	1.037344e+00
2.928644564625223e-06	1.037892e+00
2.973947745234592e-06	1.038441e+00
3.019951720402001e-06	1.038989e+00
3.066667330713168e-06	1.039538e+00
3.114105584446744e-06	1.040086e+00
3.162277660168363e-06	1.040635e+00
3.211194909364806e-06	1.041183e+00
3.260868859118916e-06	1.041731e+00
3.311311214825893e-06	1.042280e+00
3.362533862951609e-06	1.042828e+00
3.414548873833583e-06	1.043377e+00
3.467368504525297e-06	1.043925e+00
3.521005201684500e-06	1.044474e+00
3.575471604506193e-06	1.045022e+00
3.630780547700993e-06	1.045570e+00
3.686945064519554e-06	1.046119e+00
3.743978389823789e-06	1.046667e+00
3.801893963205589e-06	1.047216e+00
3.860705432153790e-06	1.047764e+00
3.920426655270129e-06	1.048313e+00
3.981071705534948e-06	1.048861e+00
4.042654873623417e-06	1.049410e+00
4.105190671273053e-06	1.049958e+00
4.168693834703327e-06	1.050507e+00
4.233179328088180e-06	1.051055e+00
4.298662347082248e-06	1.051603e+00
4.365158322401630e-06	1.052152e+00
4.432682923460057e-06	1.052700e+00
4.501252062061305e-06	1.053249e+00
4.570881896148718e-06	1.053797e+00
4.641588833612746e-06	1.054346e+00
4.713389536157371e-06	1.054894e+00
4.786300923226349e-06	1.055443e+00
4.860340175990182e-06	1.055991e+00
4.935524741394770e-06	1.056540e+00
5.011872336272686e-06	1.057088e+00
5.089400951518052e-06	1.057636e+00
5.168128856325996e-06	1.058185e+00
5.248074602497687e-06	1.058733e+00
5.329257028811964e-06	1.059282e+00
5.411695265464595e-06	1.059830e+00
5.495408738576203e-06	1.060379e+00
5.580417174769921e-06	1.060927e+00
5.666740605819867e-06	1.061476e+00
5.754399373371523e-06	1.062024e+00
5.843414133735128e-06	1.062573e+00
5.933805862753231e-06	1.063121e+00
6.025595860743527e-06	1.063670e+00
6.118805757518168e-06	1.064218e+00
6.213457517480705e-06	1.064767e+00
6.309573444801879e-06	1.065315e+00
6.407176188675483e-06	1.065863e+00
6.506288748655516e-06	1.066412e+00
6.606934480075903e-06	1.066960e+00
6.709137099554053e-06	1.067509e+00
6.812920690579553e-06	1.068057e+00
6.918309709189303e-06	1.068606e+00
7.025328989730458e-06	1.069154e+00
7.134003750712497e-06	1.069703e+00
7.244359600749835e-06	1.070251e+00
7.356422544596346e-06	1.070800e+00
7.470218989273247e-06	1.071348e+00
7.585775750291767e-06	1.071897e+00
7.703120057972074e-06	1.072445e+00
7.822279563859952e-06	1.072994e+00
7.943282347242739e-06	1.073542e+00
8.066156921766056e-06	1.074091e+00
8.190932242152893e-06	1.074639e+00
8.317637711026630e-06	1.075188e+00
8.446303185839604e-06	1.075736e+00
8.576958985908857e-06	1.076285e+00
8.709635899560721e-06	1.076833e+00
8.844365191385909e-06	1.077382e+00
8.981178609606855e-06	1.077930e+00
9.120108393559005e-06	1.078479e+00
9.261187281287841e-06	1.079027e+00
9.404448517263421e-06	1.079576e+00
9.549925860214262e-06	1.080124e+00
9.697653591082393e-06	1.080673e+00
9.847666521101479e-06	1.081221e+00
9.999999999999894e-06	1.081770e+00
1.015468992433070e-05	1.082319e+00
1.031177274593044e-05	1.082867e+00
1.047128548050888e-05	1.083416e+00
1.063326571637150e-05	1.083964e+00
1.079775162327698e-05	1.084513e+00
1.096478196143173e-05	1.085061e+00
1.113439609062349e-05	1.085610e+00
1.130663397949626e-05	1.086158e+00
1.148153621496870e-05	1.086707e+00
1.165914401179818e-05	1.087255e+00
1.183949922229288e-05	1.087804e+00
1.202264434617399e-05	1.088352e+00
1.220862254059057e-05	1.088901e+00
1.239747763028930e-05	1.089450e+00
1.258925411794153e-05	1.089998e+00
1.278399719463009e-05	1.090547e+00
1.298175275049834e-05	1.091095e+00
1.318256738556392e-05	1.091644e+00
1.338648842069977e-05	1.092192e+00
1.359356390878509e-05	1.092741e+00
1.380384264602868e-05	1.093289e+00
1.401737418346753e-05	1.093838e+00
1.423420883864324e-05	1.094387e+00
1.445439770745910e-05	1.094935e+00
1.467799267622052e-05	1.095484e+00
1.490504643386178e-05	1.096032e+00
1.513561248436190e-05	1.096581e+00
1.536974515935252e-05	1.097130e+00
1.560749963092092e-05	1.097678e+00
1.584893192461094e-05	1.098227e+00
1.609409893262515e-05	1.098775e+00
1.634305842723117e-05	1.099324e+00
1.659586907437540e-05	1.099873e+00
1.685259044750730e-05	1.100421e+00
1.711328304161759e-05	1.100970e+00
1.737800828749353e-05	1.101518e+00
1.764682856619477e-05	1.102067e+00
1.791980722375310e-05	1.102616e+00
1.819700858609959e-05	1.103164e+00
1.847849797422266e-05	1.103713e+00
1.876434171956060e-05	1.104262e+00
1.905460717963222e-05	1.104810e+00
1.934936275390926e-05	1.105359e+00
1.964867789993441e-05	1.105907e+00
1.995262314968852e-05	1.106456e+00
2.026127012621115e-05	1.107005e+00
2.057469156047811e-05	1.107553e+00
2.089296130854010e-05	1.108102e+00
2.121615436892655e-05	1.108651e+00
2.154434690031854e-05	1.109199e+00
2.187761623949522e-05	1.109748e+00
2.221604091955780e-05	1.110297e+00
2.255970068843544e-05	1.110845e+00
2.290867652767740e-05	1.111394e+00
2.326305067153593e-05	1.111943e+00
2.362290662634428e-05	1.112491e+00
2.398832919019456e-05	1.113040e+00
2.435940447291991e-05	1.113589e+00
2.473621991638585e-05	1.114138e+00
2.511886431509543e-05	1.114686e+00
2.550742783711321e-05	1.115235e+00
2.590200204531286e-05	1.115784e+00
2.630267991895343e-05	1.116332e+00
2.670955587558945e-05	1.116881e+00
2.712272579331988e-05	1.117430e+00
2.754228703338125e-05	1.117979e+00
2.796833846309035e-05	1.118527e+00
2.840098047914172e-05	1.119076e+00
2.884031503126562e-05	1.119625e+00
2.928644564625192e-05	1.120174e+00
2.973947745234560e-05	1.120723e+00
3.019951720401969e-05	1.121271e+00
3.066667330713135e-05	1.121820e+00
3.114105584446710e-05	1.122369e+00
3.162277660168329e-05	1.122918e+00
3.211194909364772e-05	1.123466e+00
3.260868859118881e-05	1.124015e+00
3.311311214825858e-05	1.124564e+00
3.362533862951573e-05	1.125113e+00
3.414548873833547e-05	1.125662e+00
3.467368504525261e-05	1.126211e+00
3.521005201684462e-05	1.126759e+00
3.575471604506155e-05	1.127308e+00
3.630780547700954e-05	1.127857e+00
3.686945064519515e-05	1.128406e+00
3.743978389823749e-05	1.128955e+00
3.801893963205549e-05	1.129504e+00
3.860705432153749e-05	1.130053e+00
3.920426655270086e-05	1.130601e+00
3.981071705534905e-05	1.131150e+00
4.042654873623374e-05	1.131699e+00
4.105190671273009e-05	1.132248e+00
4.168693834703283e-05	1.132797e+00
4.233179328088136e-05	1.133346e+00
4.298662347082203e-05	1.133895e+00
4.365158322401584e-05	1.134444e+00
4.432682923460011e-05	1.134993e+00
4.501252062061257e-05	1.135542e+00
4.570881896148670e-05	1.136091e+00
4.641588833612696e-05	1.136640e+00
4.713389536157321e-05	1.137189e+00
4.786300923226298e-05	1.137738e+00
4.860340175990131e-05	1.138287e+00
4.935524741394718e-05	1.138836e+00
5.011872336272632e-05	1.139385e+00
5.089400951517998e-05	1.139934e+00
5.168128856325940e-05	1.140483e+00
5.248074602497630e-05	1.141032e+00
5.329257028811906e-05	1.141581e+00
5.411695265464537e-05	1.142130e+00
5.495408738576144e-05	1.142679e+00
5.580417174769861e-05	1.143228e+00
5.666740605819806e-05	1.143777e+00
5.754399373371461e-05	1.144327e+00
5.843414133735066e-05	1.144876e+00
5.933805862753168e-05	1.145425e+00
6.025595860743463e-05	1.145974e+00
6.118805757518103e-05	1.146523e+00
6.213457517480638e-05	1.147072e+00
6.309573444801811e-05	1.147622e+00
6.407176188675414e-05	1.148171e+00
6.506288748655446e-05	1.148720e+00
6.606934480075832e-05	1.149269e+00
6.709137099553982e-05	1.149818e+00
6.812920690579480e-05	1.150368e+00
6.918309709189228e-05	1.150917e+00
7.025328989730381e-05	1.151466e+00
7.134003750712420e-05	1.152015e+00
7.244359600749756e-05	1.152565e+00
7.356422544596265e-05	1.153114e+00
7.470218989273166e-05	1.153663e+00
7.585775750291684e-05	1.154213e+00
7.703120057971990e-05	1.154762e+00
7.822279563859866e-05	1.155312e+00
7.943282347242653e-05	1.155861e+00
8.066156921765969e-05	1.156410e+00
8.190932242152805e-05	1.156960e+00
8.317637711026540e-05	1.157509e+00
8.446303185839512e-05	1.158059e+00
8.576958985908765e-05	1.158608e+00
8.709635899560627e-05	1.159158e+00
8.844365191385814e-05	1.159707e+00
8.981178609606759e-05	1.160257e+00
9.120108393558908e-05	1.160806e+00
9.261187281287742e-05	1.161356e+00
9.404448517263320e-05	1.161905e+00
9.549925860214159e-05	1.162455e+00
9.697653591082288e-05	1.163005e+00
9.847666521101372e-05	1.163554e+00
9.999999999999786e-05	1.164104e+00
1.015468992433059e-04	1.164654e+00
1.031177274593033e-04	1.165203e+00
1.047128548050877e-04	1.165753e+00
1.063326571637138e-04	1.166303e+00
1.079775162327686e-04	1.166852e+00
1.096478196143161e-04	1.167402e+00
1.113439609062337e-04	1.167952e+00
1.130663397949614e-04	1.168502e+00
1.148153621496857e-04	1.169052e+00
1.165914401179806e-04	1.169602e+00
1.183949922229276e-04	1.170151e+00
1.202264434617386e-04	1.170701e+00
1.220862254059044e-04	1.171251e+00
1.239747763028917e-04	1.171801e+00
1.258925411794139e-04	1.172351e+00
1.278399719462995e-04	1.172901e+00
1.298175275049820e-04	1.173451e+00
1.318256738556377e-04	1.174001e+00
1.338648842069963e-04	1.174551e+00
1.359356390878495e-04	1.175102e+00
1.380384264602853e-04	1.175652e+00
1.401737418346738e-04	1.176202e+00
1.423420883864309e-04	1.176752e+00
1.445439770745894e-04	1.177302e+00
1.467799267622036e-04	1.177853e+00
1.490504643386162e-04	1.178403e+00
1.513561248436173e-04	1.178953e+00
1.536974515935236e-04	1.179503e+00
1.560749963092075e-04	1.180054e+00
1.584893192461077e-04	1.180604e+00
1.609409893262497e-04	1.181155e+00
1.634305842723099e-04	1.181705e+00
1.659586907437522e-04	1.182256e+00
1.685259044750712e-04	1.182806e+00
1.711328304161740e-04	1.183357e+00
1.737800828749334e-04	1.183907e+00
1.764682856619458e-04	1.184458e+00
1.791980722375291e-04	1.185009e+00
1.819700858609940e-04	1.185559e+00
1.847849797422246e-04	1.186110e+00
1.876434171956040e-04	1.186661e+00
1.905460717963201e-04	1.187212e+00
1.934936275390905e-04	1.187762e+00
1.964867789993420e-04	1.188313e+00
1.995262314968831e-04	1.188864e+00
2.026127012621094e-04	1.189415e+00
2.057469156047789e-04	1.189966e+00
2.089296130853988e-04	1.190517e+00
2.121615436892632e-04	1.191068e+00
2.154434690031830e-04	1.191619e+00
2.187761623949498e-04	1.192170e+00
2.221604091955756e-04	1.192722e+00
2.255970068843520e-04	1.193273e+00
2.290867652767716e-04	1.193824e+00
2.326305067153568e-04	1.194376e+00
2.362290662634402e-04	1.194927e+00
2.398832919019430e-04	1.195478e+00
2.435940447291965e-04	1.196030e+00
2.473621991638559e-04	1.196581e+00
2.511886431509516e-04	1.197133e+00
2.550742783711294e-04	1.197684e+00
2.590200204531257e-04	1.198236e+00
2.630267991895314e-04	1.198788e+00
2.670955587558916e-04	1.199340e+00
2.712272579331958e-04	1.199891e+00
2.754228703338095e-04	1.200443e+00
2.796833846309004e-04	1.200995e+00
2.840098047914141e-04	1.201547e+00
2.884031503126530e-04	1.202099e+00
2.928644564625159e-04	1.202651e+00
2.973947745234527e-04	1.203203e+00
3.019951720401936e-04	1.203756e+00
3.066667330713101e-04	1.204308e+00
3.114105584446677e-04	1.204860e+00
3.162277660168295e-04	1.205413e+00
3.211194909364737e-04	1.205965e+00
3.260868859118846e-04	1.206518e+00
3.311311214825822e-04	1.207070e+00
3.362533862951536e-04	1.207623e+00
3.414548873833509e-04	1.208176e+00
3.467368504525223e-04	1.208728e+00
3.521005201684424e-04	1.209281e+00
3.575471604506116e-04	1.209834e+00
3.630780547700914e-04	1.210387e+00
3.686945064519475e-04	1.210940e+00
3.743978389823709e-04	1.211493e+00
3.801893963205508e-04	1.212046e+00
3.860705432153707e-04	1.212600e+00
3.920426655270044e-04	1.213153e+00
3.981071705534862e-04	1.213706e+00
4.042654873623331e-04	1.214260e+00
4.105190671272965e-04	1.214813e+00
4.168693834703238e-04	1.215367e+00
4.233179328088090e-04	1.215921e+00
4.298662347082156e-04	1.216475e+00
4.365158322401537e-04	1.217028e+00
4.432682923459963e-04	1.217582e+00
4.501252062061209e-04	1.218137e+00
4.570881896148621e-04	1.218691e+00
4.641588833612647e-04	1.219245e+00
4.713389536157271e-04	1.219799e+00
4.786300923226247e-04	1.220354e+00
4.860340175990079e-04	1.220908e+00
4.935524741394665e-04	1.221463e+00
5.011872336272579e-04	1.222018e+00
5.089400951517944e-04	1.222572e+00
5.168128856325886e-04	1.223127e+00
5.248074602497574e-04	1.223682e+00
5.329257028811850e-04	1.224237e+00
5.411695265464479e-04	1.224793e+00
5.495408738576085e-04	1.225348e+00
5.580417174769802e-04	1.225904e+00
5.666740605819746e-04	1.226459e+00
5.754399373371401e-04	1.227015e+00
5.843414133735004e-04	1.227570e+00
5.933805862753104e-04	1.228126e+00
6.025595860743399e-04	1.228682e+00
6.118805757518038e-04	1.229238e+00
6.213457517480573e-04	1.229795e+00
6.309573444801746e-04	1.230351e+00
6.407176188675348e-04	1.230908e+00
6.506288748655379e-04	1.231464e+00
6.606934480075763e-04	1.232021e+00
6.709137099553912e-04	1.232578e+00
6.812920690579409e-04	1.233135e+00
6.918309709189157e-04	1.233692e+00
7.025328989730310e-04	1.234249e+00
7.134003750712347e-04	1.234806e+00
7.244359600749683e-04	1.235364e+00
7.356422544596192e-04	1.235922e+00
7.470218989273091e-04	1.236480e+00
7.585775750291608e-04	1.237037e+00
7.703120057971912e-04	1.237596e+00
7.822279563859788e-04	1.238154e+00
7.943282347242572e-04	1.238712e+00
8.066156921765887e-04	1.239271e+00
8.190932242152721e-04	1.239830e+00
8.317637711026454e-04	1.240388e+00
8.446303185839425e-04	1.240947e+00
8.576958985908676e-04	1.241507e+00
8.709635899560537e-04	1.242066e+00
8.844365191385722e-04	1.242626e+00
8.981178609606666e-04	1.243185e+00
9.120108393558813e-04	1.243745e+00
9.261187281287646e-04	1.244305e+00
9.404448517263223e-04	1.244866e+00
9.549925860214060e-04	1.245426e+00
9.697653591082188e-04	1.245987e+00
9.847666521101272e-04	1.246547e+00
9.999999999999684e-04	1.247108e+00
1.015468992433048e-03	1.247670e+00
1.031177274593022e-03	1.248231e+00
1.047128548050866e-03	1.248793e+00
1.063326571637127e-03	1.249354e+00
1.079775162327675e-03	1.249917e+00
1.096478196143150e-03	1.250479e+00
1.113439609062326e-03	1.251041e+00
1.130663397949603e-03	1.251604e+00
1.148153621496846e-03	1.252167e+00
1.165914401179794e-03	1.252730e+00
1.183949922229264e-03	1.253293e+00
1.202264434617374e-03	1.253857e+00
1.220862254059031e-03	1.254421e+00
1.239747763028904e-03	1.254984e+00
1.258925411794126e-03	1.255549e+00
1.278399719462982e-03	1.256113e+00
1.298175275049807e-03	1.256678e+00
1.318256738556364e-03	1.257243e+00
1.338648842069949e-03	1.257808e+00
1.359356390878481e-03	1.258374e+00
1.380384264602839e-03	1.258940e+00
1.401737418346724e-03	1.259506e+00
1.423420883864295e-03	1.260072e+00
1.445439770745880e-03	1.260639e+00
1.467799267622021e-03	1.261206e+00
1.490504643386147e-03	1.261773e+00
1.513561248436158e-03	1.262340e+00
1.536974515935220e-03	1.262908e+00
1.560749963092059e-03	1.263476e+00
1.584893192461061e-03	1.264045e+00
1.609409893262481e-03	1.264613e+00
1.634305842723083e-03	1.265182e+00
1.659586907437505e-03	1.265752e+00
1.685259044750694e-03	1.266321e+00
1.711328304161723e-03	1.266891e+00
1.737800828749317e-03	1.267462e+00
1.764682856619440e-03	1.268032e+00
1.791980722375273e-03	1.268603e+00
1.819700858609921e-03	1.269175e+00
1.847849797422228e-03	1.269746e+00
1.876434171956021e-03	1.270318e+00
1.905460717963182e-03	1.270891e+00
1.934936275390886e-03	1.271464e+00
1.964867789993400e-03	1.272037e+00
1.995262314968811e-03	1.272610e+00
2.026127012621073e-03	1.273184e+00
2.057469156047768e-03	1.273759e+00
2.089296130853967e-03	1.274333e+00
2.121615436892611e-03	1.274909e+00
2.154434690031809e-03	1.275484e+00
2.187761623949476e-03	1.276060e+00
2.221604091955734e-03	1.276637e+00
2.255970068843497e-03	1.277213e+00
2.290867652767692e-03	1.277791e+00
2.326305067153544e-03	1.278368e+00
2.362290662634378e-03	1.278947e+00
2.398832919019405e-03	1.279525e+00
2.435940447291940e-03	1.280104e+00
2.473621991638533e-03	1.280684e+00
2.511886431509490e-03	1.281264e+00
2.550742783711267e-03	1.281845e+00
2.590200204531231e-03	1.282426e+00
2.630267991895287e-03	1.283007e+00
2.670955587558888e-03	1.283589e+00
2.712272579331930e-03	1.284172e+00
2.754228703338067e-03	1.284755e+00
2.796833846308975e-03	1.285339e+00
2.840098047914112e-03	1.285923e+00
2.884031503126501e-03	1.286508e+00
2.928644564625130e-03	1.287093e+00
2.973947745234498e-03	1.287679e+00
3.019951720401906e-03	1.288265e+00
3.066667330713071e-03	1.288853e+00
3.114105584446645e-03	1.289440e+00
3.162277660168263e-03	1.290029e+00
3.211194909364705e-03	1.290617e+00
3.260868859118813e-03	1.291207e+00
3.311311214825789e-03	1.291797e+00
3.362533862951503e-03	1.292388e+00
3.414548873833476e-03	1.292979e+00
3.467368504525188e-03	1.293572e+00
3.521005201684389e-03	1.294164e+00
3.575471604506080e-03	1.294758e+00
3.630780547700878e-03	1.295352e+00
3.686945064519438e-03	1.295947e+00
3.743978389823671e-03	1.296543e+00
3.801893963205470e-03	1.297139e+00
3.860705432153668e-03	1.297736e+00
3.920426655270005e-03	1.298334e+00
3.981071705534822e-03	1.298932e+00
4.042654873623291e-03	1.299532e+00
4.105190671272924e-03	1.300132e+00
4.168693834703197e-03	1.300733e+00
4.233179328088048e-03	1.301335e+00
4.298662347082114e-03	1.301937e+00
4.365158322401494e-03	1.302541e+00
4.432682923459919e-03	1.303145e+00
4.501252062061164e-03	1.303750e+00
4.570881896148575e-03	1.304356e+00
4.641588833612601e-03	1.304963e+00
4.713389536157224e-03	1.305571e+00
4.786300923226199e-03	1.306180e+00
4.860340175990029e-03	1.306790e+00
4.935524741394615e-03	1.307400e+00
5.011872336272529e-03	1.308012e+00
5.089400951517892e-03	1.308625e+00
5.168128856325833e-03	1.309238e+00
5.248074602497521e-03	1.309853e+00
5.329257028811795e-03	1.310468e+00
5.411695265464424e-03	1.311085e+00
5.495408738576030e-03	1.311703e+00
5.580417174769745e-03	1.312321e+00
5.666740605819690e-03	1.312941e+00
5.754399373371343e-03	1.313562e+00
5.843414133734946e-03	1.314184e+00
5.933805862753046e-03	1.314808e+00
6.025595860743339e-03	1.315432e+00
6.118805757517978e-03	1.316058e+00
6.213457517480511e-03	1.316684e+00
6.309573444801682e-03	1.317312e+00
6.407176188675283e-03	1.317942e+00
6.506288748655313e-03	1.318572e+00
6.606934480075697e-03	1.319204e+00
6.709137099553845e-03	1.319837e+00
6.812920690579341e-03	1.320471e+00
6.918309709189089e-03	1.321107e+00
7.025328989730240e-03	1.321744e+00
7.134003750712275e-03	1.322382e+00
7.244359600749609e-03	1.323022e+00
7.356422544596117e-03	1.323663e+00
7.470218989273015e-03	1.324306e+00
7.585775750291531e-03	1.324950e+00
7.703120057971835e-03	1.325595e+00
7.822279563859709e-03	1.326242e+00
7.943282347242493e-03	1.326891e+00
8.066156921765806e-03	1.327541e+00
8.190932242152638e-03	1.328193e+00
8.317637711026369e-03	1.328846e+00
8.446303185839339e-03	1.329501e+00
8.576958985908588e-03	1.330158e+00
8.709635899560447e-03	1.330816e+00
8.844365191385631e-03	1.331476e+00
8.981178609606573e-03	1.332138e+00
9.120108393558719e-03	1.332801e+00
9.261187281287549e-03	1.333466e+00
9.404448517263126e-03	1.334133e+00
9.549925860213962e-03	1.334802e+00
9.697653591082088e-03	1.335473e+00
9.847666521101171e-03	1.336145e+00
9.999999999999582e-03	1.336820e+00
1.015468992433038e-02	1.337496e+00
1.031177274593012e-02	1.338175e+00
1.047128548050856e-02	1.338855e+00
1.063326571637116e-02	1.339538e+00
1.079775162327664e-02	1.340222e+00
1.096478196143139e-02	1.340909e+00
1.113439609062314e-02	1.341598e+00
1.130663397949591e-02	1.342289e+00
1.148153621496834e-02	1.342982e+00
1.165914401179782e-02	1.343678e+00
1.183949922229252e-02	1.344375e+00
1.202264434617362e-02	1.345075e+00
1.220862254059019e-02	1.345778e+00
1.239747763028892e-02	1.346483e+00
1.258925411794114e-02	1.347190e+00
1.278399719462969e-02	1.347899e+00
1.298175275049794e-02	1.348612e+00
1.318256738556351e-02	1.349326e+00
1.338648842069936e-02	1.350044e+00
1.359356390878467e-02	1.350763e+00
1.380384264602825e-02	1.351486e+00
1.401737418346709e-02	1.352211e+00
1.423420883864280e-02	1.352939e+00
1.445439770745865e-02	1.353670e+00
1.467799267622006e-02	1.354403e+00
1.490504643386131e-02	1.355140e+00
1.513561248436142e-02	1.355879e+00
1.536974515935204e-02	1.356621e+00
1.560749963092043e-02	1.357367e+00
1.584893192461044e-02	1.358115e+00
1.609409893262465e-02	1.358866e+00
1.634305842723066e-02	1.359621e+00
1.659586907437488e-02	1.360379e+00
1.685259044750678e-02	1.361139e+00
1.711328304161706e-02	1.361904e+00
1.737800828749299e-02	1.362671e+00
1.764682856619423e-02	1.363442e+00
1.791980722375255e-02	1.364217e+00
1.819700858609903e-02	1.364995e+00
1.847849797422209e-02	1.365776e+00
1.876434171956002e-02	1.366561e+00
1.905460717963162e-02	1.367350e+00
1.934936275390866e-02	1.368142e+00
1.964867789993380e-02	1.368939e+00
1.995262314968790e-02	1.369739e+00
2.026127012621053e-02	1.370543e+00
2.057469156047747e-02	1.371351e+00
2.089296130853945e-02	1.372162e+00
2.121615436892589e-02	1.372978e+00
2.154434690031786e-02	1.373798e+00
2.187761623949454e-02	1.374623e+00
2.221604091955711e-02	1.375451e+00
2.255970068843474e-02	1.376284e+00
2.290867652767669e-02	1.377122e+00
2.326305067153520e-02	1.377964e+00
2.362290662634354e-02	1.378810e+00
2.398832919019381e-02	1.379661e+00
2.435940447291916e-02	1.380517e+00
2.473621991638508e-02	1.381377e+00
2.511886431509465e-02	1.382242e+00
2.550742783711242e-02	1.383112e+00
2.590200204531205e-02	1.383987e+00
2.630267991895261e-02	1.384868e+00
2.670955587558862e-02	1.385753e+00
2.712272579331903e-02	1.386643e+00
2.754228703338039e-02	1.387539e+00
2.796833846308948e-02	1.388440e+00
2.840098047914084e-02	1.389347e+00
2.884031503126473e-02	1.390259e+00
2.928644564625101e-02	1.391177e+00
2.973947745234468e-02	1.392100e+00
3.019951720401876e-02	1.393030e+00
3.066667330713040e-02	1.393965e+00
3.114105584446614e-02	1.394906e+00
3.162277660168232e-02	1.395853e+00
3.211194909364673e-02	1.396807e+00
3.260868859118781e-02	1.397766e+00
3.311311214825757e-02	1.398732e+00
3.362533862951469e-02	1.399705e+00
3.414548873833442e-02	1.400684e+00
3.467368504525153e-02	1.401670e+00
3.521005201684354e-02	1.402662e+00
3.575471604506045e-02	1.403661e+00
3.630780547700842e-02	1.404668e+00
3.686945064519401e-02	1.405681e+00
3.743978389823634e-02	1.406702e+00
3.801893963205432e-02	1.407730e+00
3.860705432153630e-02	1.408765e+00
3.920426655269966e-02	1.409808e+00
3.981071705534783e-02	1.410858e+00
4.042654873623250e-02	1.411917e+00
4.105190671272883e-02	1.412983e+00
4.168693834703154e-02	1.414057e+00
4.233179328088005e-02	1.415139e+00
4.298662347082070e-02	1.416230e+00
4.365158322401450e-02	1.417329e+00
4.432682923459875e-02	1.418436e+00
4.501252062061119e-02	1.419552e+00
4.570881896148529e-02	1.420677e+00
4.641588833612554e-02	1.421811e+00
4.713389536157176e-02	1.422954e+00
4.786300923226151e-02	1.424106e+00
4.860340175989981e-02	1.425267e+00
4.935524741394565e-02	1.426438e+00
5.011872336272478e-02	1.427618e+00
5.089400951517840e-02	1.428809e+00
5.168128856325781e-02	1.430009e+00
5.248074602497468e-02	1.431219e+00
5.329257028811742e-02	1.432439e+00
5.411695265464370e-02	1.433670e+00
5.495408738575974e-02	1.434912e+00
5.580417174769689e-02	1.436164e+00
5.666740605819632e-02	1.437427e+00
5.754399373371284e-02	1.438701e+00
5.843414133734886e-02	1.439986e+00
5.933805862752985e-02	1.441283e+00
6.025595860743278e-02	1.442591e+00
6.118805757517914e-02	1.443911e+00
6.213457517480447e-02	1.445243e+00
6.309573444801617e-02	1.446587e+00
6.407176188675216e-02	1.447944e+00
6.506288748655245e-02	1.449312e+00
6.606934480075628e-02	1.450694e+00
6.709137099553775e-02	1.452088e+00
6.812920690579270e-02	1.453496e+00
6.918309709189016e-02	1.454917e+00
7.025328989730166e-02	1.456351e+00
7.134003750712201e-02	1.457799e+00
7.244359600749534e-02	1.459261e+00
7.356422544596040e-02	1.460737e+00
7.470218989272936e-02	1.462227e+00
7.585775750291451e-02	1.463732e+00
7.703120057971753e-02	1.465251e+00
7.822279563859627e-02	1.466786e+00
7.943282347242410e-02	1.468336e+00
8.066156921765723e-02	1.469901e+00
8.190932242152554e-02	1.471482e+00
8.317637711026285e-02	1.473079e+00
8.446303185839253e-02	1.474693e+00
8.576958985908502e-02	1.476323e+00
8.709635899560360e-02	1.477969e+00
8.844365191385542e-02	1.479632e+00
8.981178609606483e-02	1.481313e+00
9.120108393558628e-02	1.483011e+00
9.261187281287457e-02	1.484727e+00
9.404448517263031e-02	1.486461e+00
9.549925860213865e-02	1.488213e+00
9.697653591081989e-02	1.489984e+00
9.847666521101070e-02	1.491774e+00
9.999999999999480e-02	1.493583e+00
1.015468992433027e-01	1.495411e+00
1.031177274593001e-01	1.497259e+00
1.047128548050845e-01	1.499128e+00
1.063326571637106e-01	1.501016e+00
1.079775162327653e-01	1.502926e+00
1.096478196143127e-01	1.504856e+00
1.113439609062303e-01	1.506808e+00
1.130663397949579e-01	1.508781e+00
1.148153621496822e-01	1.510776e+00
1.165914401179770e-01	1.512794e+00
1.183949922229239e-01	1.514834e+00
1.202264434617349e-01	1.516898e+00
1.220862254059007e-01	1.518985e+00
1.239747763028878e-01	1.521095e+00
1.258925411794100e-01	1.523230e+00
1.278399719462956e-01	1.525389e+00
1.298175275049780e-01	1.527573e+00
1.318256738556337e-01	1.529783e+00
1.338648842069922e-01	1.532018e+00
1.359356390878453e-01	1.534279e+00
1.380384264602811e-01	1.536566e+00
1.401737418346695e-01	1.538880e+00
1.423420883864265e-01	1.541222e+00
1.445439770745850e-01	1.543591e+00
1.467799267621990e-01	1.545988e+00
1.490504643386115e-01	1.548414e+00
1.513561248436126e-01	1.550869e+00
1.536974515935188e-01	1.553353e+00
1.560749963092027e-01	1.555867e+00
1.584893192461028e-01	1.558411e+00
1.609409893262448e-01	1.560986e+00
1.634305842723049e-01	1.563592e+00
1.659586907437471e-01	1.566230e+00
1.685259044750660e-01	1.568901e+00
1.711328304161688e-01	1.571604e+00
1.737800828749281e-01	1.574340e+00
1.764682856619404e-01	1.577110e+00
1.791980722375236e-01	1.579914e+00
1.819700858609884e-01	1.582753e+00
1.847849797422190e-01	1.585627e+00
1.876434171955982e-01	1.588537e+00
1.905460717963142e-01	1.591483e+00
1.934936275390846e-01	1.594466e+00
1.964867789993359e-01	1.597487e+00
1.995262314968770e-01	1.600546e+00
2.026127012621032e-01	1.603643e+00
2.057469156047726e-01	1.606780e+00
2.089296130853924e-01	1.609957e+00
2.121615436892567e-01	1.613174e+00
2.154434690031764e-01	1.616432e+00
2.187761623949431e-01	1.619732e+00
2.221604091955688e-01	1.623074e+00
2.255970068843450e-01	1.626459e+00
2.290867652767645e-01	1.629887e+00
2.326305067153496e-01	1.633360e+00
2.362290662634330e-01	1.636878e+00
2.398832919019356e-01	1.640442e+00
2.435940447291890e-01	1.644052e+00
2.473621991638482e-01	1.647708e+00
2.511886431509439e-01	1.651413e+00
2.550742783711216e-01	1.655166e+00
2.590200204531178e-01	1.658968e+00
2.630267991895234e-01	1.662821e+00
2.670955587558834e-01	1.666724e+00
2.712272579331875e-01	1.670678e+00
2.754228703338011e-01	1.674685e+00
2.796833846308919e-01	1.678745e+00
2.840098047914054e-01	1.682858e+00
2.884031503126442e-01	1.687027e+00
2.928644564625070e-01	1.691251e+00
2.973947745234437e-01	1.695531e+00
3.019951720401844e-01	1.699868e+00
3.066667330713008e-01	1.704264e+00
3.114105584446582e-01	1.708718e+00
3.162277660168199e-01	1.713232e+00
3.211194909364640e-01	1.717807e+00
3.260868859118747e-01	1.722443e+00
3.311311214825722e-01	1.727142e+00
3.362533862951435e-01	1.731905e+00
3.414548873833406e-01	1.736732e+00
3.467368504525118e-01	1.741624e+00
3.521005201684317e-01	1.746583e+00
3.575471604506008e-01	1.751610e+00
3.630780547700805e-01	1.756704e+00
3.686945064519364e-01	1.761868e+00
3.743978389823596e-01	1.767103e+00
3.801893963205393e-01	1.772409e+00
3.860705432153591e-01	1.777788e+00
3.920426655269927e-01	1.783240e+00
3.981071705534743e-01	1.788768e+00
4.042654873623210e-01	1.794371e+00
4.105190671272842e-01	1.800051e+00
4.168693834703113e-01	1.805810e+00
4.233179328087963e-01	1.811648e+00
4.298662347082027e-01	1.817566e+00
4.365158322401406e-01	1.823567e+00
4.432682923459831e-01	1.829650e+00
4.501252062061075e-01	1.835818e+00
4.570881896148484e-01	1.842071e+00
4.641588833612508e-01	1.848411e+00
4.713389536157130e-01	1.854839e+00
4.786300923226104e-01	1.861356e+00
4.860340175989933e-01	1.867964e+00
4.935524741394517e-01	1.874664e+00
5.011872336272429e-01	1.881458e+00
5.089400951517792e-01	1.888346e+00
5.168128856325732e-01	1.895331e+00
5.248074602497418e-01	1.902414e+00
5.329257028811690e-01	1.909595e+00
5.411695265464318e-01	1.916878e+00
5.495408738575921e-01	1.924262e+00
5.580417174769635e-01	1.931750e+00
5.666740605819578e-01	1.939343e+00
5.754399373371230e-01	1.947043e+00
5.843414133734830e-01	1.954852e+00
5.933805862752928e-01	1.962770e+00
6.025595860743219e-01	1.970800e+00
6.118805757517856e-01	1.978943e+00
6.213457517480386e-01	1.987201e+00
6.309573444801556e-01	1.995576e+00
6.407176188675155e-01	2.004069e+00
6.506288748655183e-01	2.012683e+00
6.606934480075566e-01	2.021418e+00
6.709137099553711e-01	2.030277e+00
6.812920690579205e-01	2.039263e+00
6.918309709188950e-01	2.048375e+00
7.025328989730100e-01	2.057617e+00
7.134003750712133e-01	2.066990e+00
7.244359600749465e-01	2.076496e+00
7.356422544595970e-01	2.086138e+00
7.470218989272865e-01	2.095917e+00
7.585775750291379e-01	2.105836e+00
7.703120057971680e-01	2.115896e+00
7.822279563859552e-01	2.126099e+00
7.943282347242333e-01	2.136449e+00
8.066156921765644e-01	2.146946e+00
8.190932242152474e-01	2.157593e+00
8.317637711026203e-01	2.168393e+00
8.446303185839170e-01	2.179347e+00
8.576958985908417e-01	2.190459e+00
8.709635899560274e-01	2.201729e+00
8.844365191385456e-01	2.213161e+00
8.981178609606395e-01	2.224758e+00
9.120108393558538e-01	2.236521e+00
9.261187281287366e-01	2.248454e+00
9.404448517262939e-01	2.260558e+00
9.549925860213772e-01	2.272836e+00
9.697653591081895e-01	2.285291e+00
9.847666521100974e-01	2.297926e+00
1.000000000000000e+00	2.310743e+00
