i_d	V(n003)
1.000000000000000e-10	6.652952e-01
1.015468992433080e-10	6.659345e-01
1.031177274593055e-10	6.665502e-01
1.047128548050899e-10	6.671762e-01
1.063326571637161e-10	6.678005e-01
1.079775162327709e-10	6.684238e-01
1.096478196143185e-10	6.690457e-01
1.113439609062361e-10	6.696665e-01
1.130663397949638e-10	6.702861e-01
1.148153621496882e-10	6.709046e-01
1.165914401179831e-10	6.715218e-01
1.183949922229301e-10	6.721381e-01
1.202264434617412e-10	6.727532e-01
1.220862254059070e-10	6.733673e-01
1.239747763028943e-10	6.739802e-01
1.258925411794166e-10	6.745922e-01
1.278399719463023e-10	6.752031e-01
1.298175275049848e-10	6.758131e-01
1.318256738556406e-10	6.764221e-01
1.338648842069992e-10	6.770300e-01
1.359356390878524e-10	6.776371e-01
1.380384264602883e-10	6.782432e-01
1.401737418346768e-10	6.788484e-01
1.423420883864340e-10	6.794527e-01
1.445439770745926e-10	6.800562e-01
1.467799267622067e-10	6.806586e-01
1.490504643386194e-10	6.812603e-01
1.513561248436206e-10	6.818612e-01
1.536974515935269e-10	6.824613e-01
1.560749963092109e-10	6.830605e-01
1.584893192461111e-10	6.836588e-01
1.609409893262532e-10	6.842565e-01
1.634305842723134e-10	6.848534e-01
1.659586907437557e-10	6.854495e-01
1.685259044750747e-10	6.860448e-01
1.711328304161777e-10	6.866394e-01
1.737800828749371e-10	6.872333e-01
1.764682856619496e-10	6.878265e-01
1.791980722375329e-10	6.884190e-01
1.819700858609978e-10	6.890109e-01
1.847849797422286e-10	6.896020e-01
1.876434171956080e-10	6.901925e-01
1.905460717963241e-10	6.907822e-01
1.934936275390946e-10	6.913714e-01
1.964867789993461e-10	6.919600e-01
1.995262314968873e-10	6.925479e-01
2.026127012621136e-10	6.931352e-01
2.057469156047832e-10	6.937220e-01
2.089296130854032e-10	6.943080e-01
2.121615436892677e-10	6.948936e-01
2.154434690031876e-10	6.954786e-01
2.187761623949544e-10	6.960630e-01
2.221604091955803e-10	6.966468e-01
2.255970068843567e-10	6.972302e-01
2.290867652767764e-10	6.978129e-01
2.326305067153617e-10	6.983952e-01
2.362290662634452e-10	6.989769e-01
2.398832919019480e-10	6.995581e-01
2.435940447292017e-10	7.001388e-01
2.473621991638611e-10	7.007191e-01
2.511886431509569e-10	7.012988e-01
2.550742783711347e-10	7.018781e-01
2.590200204531312e-10	7.024568e-01
2.630267991895369e-10	7.030352e-01
2.670955587558972e-10	7.036130e-01
2.712272579332015e-10	7.041904e-01
2.754228703338153e-10	7.047674e-01
2.796833846309063e-10	7.053440e-01
2.840098047914200e-10	7.059201e-01
2.884031503126591e-10	7.064958e-01
2.928644564625221e-10	7.070711e-01
2.973947745234590e-10	7.076460e-01
3.019951720402000e-10	7.082204e-01
3.066667330713166e-10	7.087945e-01
3.114105584446742e-10	7.093682e-01
3.162277660168362e-10	7.099415e-01
3.211194909364805e-10	7.105144e-01
3.260868859118915e-10	7.110870e-01
3.311311214825892e-10	7.116592e-01
3.362533862951607e-10	7.122310e-01
3.414548873833581e-10	7.128025e-01
3.467368504525295e-10	7.133737e-01
3.521005201684498e-10	7.139444e-01
3.575471604506191e-10	7.145149e-01
3.630780547700991e-10	7.150850e-01
3.686945064519552e-10	7.156549e-01
3.743978389823787e-10	7.162243e-01
3.801893963205587e-10	7.167935e-01
3.860705432153788e-10	7.173623e-01
3.920426655270126e-10	7.179309e-01
3.981071705534946e-10	7.184991e-01
4.042654873623416e-10	7.190670e-01
4.105190671273051e-10	7.196347e-01
4.168693834703326e-10	7.202021e-01
4.233179328088179e-10	7.207692e-01
4.298662347082247e-10	7.213359e-01
4.365158322401629e-10	7.219025e-01
4.432682923460057e-10	7.224687e-01
4.501252062061304e-10	7.230347e-01
4.570881896148717e-10	7.236004e-01
4.641588833612745e-10	7.241659e-01
4.713389536157370e-10	7.247311e-01
4.786300923226348e-10	7.252960e-01
4.860340175990181e-10	7.258608e-01
4.935524741394769e-10	7.264252e-01
5.011872336272684e-10	7.269894e-01
5.089400951518050e-10	7.275534e-01
5.168128856325994e-10	7.281172e-01
5.248074602497685e-10	7.286807e-01
5.329257028811961e-10	7.292440e-01
5.411695265464593e-10	7.298071e-01
5.495408738576201e-10	7.303700e-01
5.580417174769919e-10	7.309326e-01
5.666740605819866e-10	7.314950e-01
5.754399373371521e-10	7.320573e-01
5.843414133735127e-10	7.326193e-01
5.933805862753229e-10	7.331811e-01
6.025595860743526e-10	7.337427e-01
6.118805757518166e-10	7.343041e-01
6.213457517480703e-10	7.348654e-01
6.309573444801877e-10	7.354264e-01
6.407176188675482e-10	7.359872e-01
6.506288748655514e-10	7.365479e-01
6.606934480075901e-10	7.371084e-01
6.709137099554051e-10	7.376688e-01
6.812920690579551e-10	7.382289e-01
6.918309709189301e-10	7.387888e-01
7.025328989730456e-10	7.393486e-01
7.134003750712496e-10	7.399082e-01
7.244359600749833e-10	7.404677e-01
7.356422544596344e-10	7.410269e-01
7.470218989273245e-10	7.415861e-01
7.585775750291766e-10	7.421450e-01
7.703120057972072e-10	7.427039e-01
7.822279563859951e-10	7.432625e-01
7.943282347242738e-10	7.438210e-01
8.066156921766055e-10	7.443793e-01
8.190932242152891e-10	7.449375e-01
8.317637711026626e-10	7.454956e-01
8.446303185839599e-10	7.460535e-01
8.576958985908853e-10	7.466113e-01
8.709635899560717e-10	7.471690e-01
8.844365191385906e-10	7.477264e-01
8.981178609606852e-10	7.482838e-01
9.120108393559002e-10	7.488410e-01
9.261187281287837e-10	7.493982e-01
9.404448517263417e-10	7.499551e-01
9.549925860214256e-10	7.505120e-01
9.697653591082388e-10	7.510687e-01
9.847666521101473e-10	7.516253e-01
9.999999999999889e-10	7.521818e-01
1.015468992433069e-09	7.527382e-01
1.031177274593044e-09	7.532944e-01
1.047128548050888e-09	7.538505e-01
1.063326571637149e-09	7.544066e-01
1.079775162327697e-09	7.549624e-01
1.096478196143172e-09	7.555183e-01
1.113439609062349e-09	7.560740e-01
1.130663397949626e-09	7.566295e-01
1.148153621496869e-09	7.571850e-01
1.165914401179818e-09	7.577403e-01
1.183949922229288e-09	7.582956e-01
1.202264434617399e-09	7.588508e-01
1.220862254059056e-09	7.594059e-01
1.239747763028929e-09	7.599608e-01
1.258925411794152e-09	7.605157e-01
1.278399719463008e-09	7.610704e-01
1.298175275049833e-09	7.616251e-01
1.318256738556391e-09	7.621797e-01
1.338648842069977e-09	7.627342e-01
1.359356390878509e-09	7.632886e-01
1.380384264602868e-09	7.638429e-01
1.401737418346752e-09	7.643971e-01
1.423420883864324e-09	7.649513e-01
1.445439770745909e-09	7.655054e-01
1.467799267622051e-09	7.660593e-01
1.490504643386177e-09	7.666132e-01
1.513561248436188e-09	7.671670e-01
1.536974515935251e-09	7.677208e-01
1.560749963092091e-09	7.682744e-01
1.584893192461093e-09	7.688280e-01
1.609409893262514e-09	7.693815e-01
1.634305842723116e-09	7.699350e-01
1.659586907437538e-09	7.704883e-01
1.685259044750729e-09	7.710416e-01
1.711328304161757e-09	7.715948e-01
1.737800828749352e-09	7.721479e-01
1.764682856619476e-09	7.727010e-01
1.791980722375309e-09	7.732540e-01
1.819700858609958e-09	7.738069e-01
1.847849797422265e-09	7.743598e-01
1.876434171956059e-09	7.749126e-01
1.905460717963220e-09	7.754653e-01
1.934936275390925e-09	7.760180e-01
1.964867789993440e-09	7.765706e-01
1.995262314968851e-09	7.771232e-01
2.026127012621114e-09	7.776756e-01
2.057469156047810e-09	7.782280e-01
2.089296130854009e-09	7.787804e-01
2.121615436892653e-09	7.793328e-01
2.154434690031852e-09	7.798850e-01
2.187761623949520e-09	7.804372e-01
2.221604091955778e-09	7.809893e-01
2.255970068843542e-09	7.815414e-01
2.290867652767739e-09	7.820934e-01
2.326305067153591e-09	7.826454e-01
2.362290662634426e-09	7.831973e-01
2.398832919019454e-09	7.837492e-01
2.435940447291990e-09	7.843010e-01
2.473621991638584e-09	7.848528e-01
2.511886431509541e-09	7.854045e-01
2.550742783711319e-09	7.859562e-01
2.590200204531283e-09	7.865078e-01
2.630267991895341e-09	7.870594e-01
2.670955587558943e-09	7.876109e-01
2.712272579331986e-09	7.881624e-01
2.754228703338123e-09	7.887139e-01
2.796833846309033e-09	7.892653e-01
2.840098047914170e-09	7.898166e-01
2.884031503126560e-09	7.903679e-01
2.928644564625189e-09	7.909192e-01
2.973947745234558e-09	7.914704e-01
3.019951720401967e-09	7.920216e-01
3.066667330713133e-09	7.925727e-01
3.114105584446709e-09	7.931238e-01
3.162277660168328e-09	7.936749e-01
3.211194909364770e-09	7.942259e-01
3.260868859118879e-09	7.947769e-01
3.311311214825856e-09	7.953278e-01
3.362533862951571e-09	7.958788e-01
3.414548873833545e-09	7.964296e-01
3.467368504525258e-09	7.969804e-01
3.521005201684460e-09	7.975312e-01
3.575471604506153e-09	7.980820e-01
3.630780547700951e-09	7.986327e-01
3.686945064519512e-09	7.991834e-01
3.743978389823747e-09	7.997341e-01
3.801893963205546e-09	8.002847e-01
3.860705432153746e-09	8.008353e-01
3.920426655270084e-09	8.013859e-01
3.981071705534904e-09	8.019364e-01
4.042654873623373e-09	8.024869e-01
4.105190671273007e-09	8.030374e-01
4.168693834703281e-09	8.035879e-01
4.233179328088133e-09	8.041382e-01
4.298662347082201e-09	8.046886e-01
4.365158322401582e-09	8.052390e-01
4.432682923460009e-09	8.057893e-01
4.501252062061256e-09	8.063396e-01
4.570881896148667e-09	8.068898e-01
4.641588833612694e-09	8.074401e-01
4.713389536157318e-09	8.079903e-01
4.786300923226295e-09	8.085405e-01
4.860340175990128e-09	8.090907e-01
4.935524741394715e-09	8.096408e-01
5.011872336272630e-09	8.101909e-01
5.089400951517994e-09	8.107409e-01
5.168128856325937e-09	8.112910e-01
5.248074602497627e-09	8.118411e-01
5.329257028811904e-09	8.123910e-01
5.411695265464534e-09	8.129411e-01
5.495408738576140e-09	8.134910e-01
5.580417174769857e-09	8.140410e-01
5.666740605819803e-09	8.145909e-01
5.754399373371459e-09	8.151408e-01
5.843414133735063e-09	8.156906e-01
5.933805862753164e-09	8.162405e-01
6.025595860743460e-09	8.167903e-01
6.118805757518100e-09	8.173401e-01
6.213457517480635e-09	8.178899e-01
6.309573444801808e-09	8.184397e-01
6.407176188675411e-09	8.189895e-01
6.506288748655443e-09	8.195392e-01
6.606934480075829e-09	8.200889e-01
6.709137099553978e-09	8.206385e-01
6.812920690579476e-09	8.211882e-01
6.918309709189226e-09	8.217379e-01
7.025328989730380e-09	8.222875e-01
7.134003750712418e-09	8.228371e-01
7.244359600749754e-09	8.233867e-01
7.356422544596264e-09	8.239363e-01
7.470218989273164e-09	8.244859e-01
7.585775750291682e-09	8.250354e-01
7.703120057971987e-09	8.255849e-01
7.822279563859864e-09	8.261344e-01
7.943282347242650e-09	8.266839e-01
8.066156921765965e-09	8.272334e-01
8.190932242152800e-09	8.277829e-01
8.317637711026535e-09	8.283324e-01
8.446303185839507e-09	8.288818e-01
8.576958985908760e-09	8.294312e-01
8.709635899560621e-09	8.299806e-01
8.844365191385808e-09	8.305300e-01
8.981178609606752e-09	8.310794e-01
9.120108393558900e-09	8.316287e-01
9.261187281287733e-09	8.321781e-01
9.404448517263312e-09	8.327274e-01
9.549925860214150e-09	8.332767e-01
9.697653591082279e-09	8.338260e-01
9.847666521101364e-09	8.343753e-01
9.999999999999779e-09	8.349246e-01
1.015468992433058e-08	8.354738e-01
1.031177274593032e-08	8.360231e-01
1.047128548050876e-08	8.365723e-01
1.063326571637137e-08	8.371215e-01
1.079775162327685e-08	8.376708e-01
1.096478196143160e-08	8.382200e-01
1.113439609062336e-08	8.387692e-01
1.130663397949613e-08	8.393183e-01
1.148153621496857e-08	8.398675e-01
1.165914401179805e-08	8.404167e-01
1.183949922229275e-08	8.409658e-01
1.202264434617385e-08	8.415149e-01
1.220862254059043e-08	8.420641e-01
1.239747763028916e-08	8.426132e-01
1.258925411794138e-08	8.431623e-01
1.278399719462994e-08	8.437114e-01
1.298175275049819e-08	8.442605e-01
1.318256738556376e-08	8.448095e-01
1.338648842069962e-08	8.453586e-01
1.359356390878494e-08	8.459076e-01
1.380384264602852e-08	8.464567e-01
1.401737418346737e-08	8.470057e-01
1.423420883864308e-08	8.475547e-01
1.445439770745893e-08	8.481038e-01
1.467799267622035e-08	8.486528e-01
1.490504643386161e-08	8.492018e-01
1.513561248436172e-08	8.497508e-01
1.536974515935235e-08	8.502997e-01
1.560749963092074e-08	8.508487e-01
1.584893192461075e-08	8.513977e-01
1.609409893262496e-08	8.519466e-01
1.634305842723098e-08	8.524956e-01
1.659586907437520e-08	8.530445e-01
1.685259044750710e-08	8.535934e-01
1.711328304161739e-08	8.541424e-01
1.737800828749333e-08	8.546913e-01
1.764682856619457e-08	8.552402e-01
1.791980722375289e-08	8.557891e-01
1.819700858609938e-08	8.563380e-01
1.847849797422245e-08	8.568869e-01
1.876434171956039e-08	8.574357e-01
1.905460717963200e-08	8.579846e-01
1.934936275390904e-08	8.585334e-01
1.964867789993418e-08	8.590823e-01
1.995262314968830e-08	8.596312e-01
2.026127012621093e-08	8.601800e-01
2.057469156047787e-08	8.607289e-01
2.089296130853987e-08	8.612777e-01
2.121615436892630e-08	8.618265e-01
2.154434690031829e-08	8.623753e-01
2.187761623949497e-08	8.629242e-01
2.221604091955754e-08	8.634729e-01
2.255970068843518e-08	8.640217e-01
2.290867652767714e-08	8.645705e-01
2.326305067153566e-08	8.651193e-01
2.362290662634400e-08	8.656681e-01
2.398832919019428e-08	8.662169e-01
2.435940447291963e-08	8.667656e-01
2.473621991638556e-08	8.673144e-01
2.511886431509514e-08	8.678632e-01
2.550742783711291e-08	8.684119e-01
2.590200204531255e-08	8.689607e-01
2.630267991895311e-08	8.695094e-01
2.670955587558913e-08	8.700582e-01
2.712272579331955e-08	8.706069e-01
2.754228703338092e-08	8.711556e-01
2.796833846309001e-08	8.717043e-01
2.840098047914138e-08	8.722531e-01
2.884031503126528e-08	8.728018e-01
2.928644564625157e-08	8.733505e-01
2.973947745234525e-08	8.738992e-01
3.019951720401933e-08	8.744479e-01
3.066667330713099e-08	8.749966e-01
3.114105584446674e-08	8.755453e-01
3.162277660168292e-08	8.760940e-01
3.211194909364734e-08	8.766426e-01
3.260868859118842e-08	8.771913e-01
3.311311214825818e-08	8.777400e-01
3.362533862951532e-08	8.782887e-01
3.414548873833506e-08	8.788373e-01
3.467368504525218e-08	8.793860e-01
3.521005201684420e-08	8.799347e-01
3.575471604506112e-08	8.804833e-01
3.630780547700910e-08	8.810320e-01
3.686945064519471e-08	8.815806e-01
3.743978389823705e-08	8.821293e-01
3.801893963205503e-08	8.826779e-01
3.860705432153703e-08	8.832265e-01
3.920426655270040e-08	8.837752e-01
3.981071705534858e-08	8.843238e-01
4.042654873623327e-08	8.848724e-01
4.105190671272961e-08	8.854210e-01
4.168693834703233e-08	8.859696e-01
4.233179328088086e-08	8.865183e-01
4.298662347082152e-08	8.870669e-01
4.365158322401532e-08	8.876155e-01
4.432682923459958e-08	8.881641e-01
4.501252062061204e-08	8.887127e-01
4.570881896148615e-08	8.892613e-01
4.641588833612642e-08	8.898099e-01
4.713389536157265e-08	8.903585e-01
4.786300923226241e-08	8.909071e-01
4.860340175990073e-08	8.914557e-01
4.935524741394659e-08	8.920043e-01
5.011872336272573e-08	8.925529e-01
5.089400951517937e-08	8.931015e-01
5.168128856325880e-08	8.936500e-01
5.248074602497568e-08	8.941986e-01
5.329257028811843e-08	8.947471e-01
5.411695265464473e-08	8.952957e-01
5.495408738576079e-08	8.958443e-01
5.580417174769795e-08	8.963929e-01
5.666740605819740e-08	8.969414e-01
5.754399373371394e-08	8.974900e-01
5.843414133734997e-08	8.980386e-01
5.933805862753097e-08	8.985871e-01
6.025595860743392e-08	8.991356e-01
6.118805757518030e-08	8.996842e-01
6.213457517480564e-08	9.002327e-01
6.309573444801736e-08	9.007813e-01
6.407176188675338e-08	9.013298e-01
6.506288748655368e-08	9.018784e-01
6.606934480075752e-08	9.024269e-01
6.709137099553901e-08	9.029754e-01
6.812920690579397e-08	9.035240e-01
6.918309709189145e-08	9.040725e-01
7.025328989730298e-08	9.046211e-01
7.134003750712335e-08	9.051696e-01
7.244359600749671e-08	9.057181e-01
7.356422544596179e-08	9.062666e-01
7.470218989273079e-08	9.068152e-01
7.585775750291596e-08	9.073637e-01
7.703120057971900e-08	9.079122e-01
7.822279563859776e-08	9.084607e-01
7.943282347242561e-08	9.090092e-01
8.066156921765876e-08	9.095578e-01
8.190932242152710e-08	9.101062e-01
8.317637711026443e-08	9.106548e-01
8.446303185839413e-08	9.112033e-01
8.576958985908665e-08	9.117518e-01
8.709635899560526e-08	9.123003e-01
8.844365191385711e-08	9.128488e-01
8.981178609606655e-08	9.133973e-01
9.120108393558801e-08	9.139458e-01
9.261187281287634e-08	9.144943e-01
9.404448517263211e-08	9.150428e-01
9.549925860214047e-08	9.155913e-01
9.697653591082176e-08	9.161398e-01
9.847666521101259e-08	9.166883e-01
9.999999999999671e-08	9.172368e-01
1.015468992433047e-07	9.177853e-01
1.031177274593021e-07	9.183338e-01
1.047128548050865e-07	9.188823e-01
1.063326571637126e-07	9.194307e-01
1.079775162327674e-07	9.199792e-01
1.096478196143148e-07	9.205277e-01
1.113439609062324e-07	9.210762e-01
1.130663397949601e-07	9.216247e-01
1.148153621496844e-07	9.221731e-01
1.165914401179792e-07	9.227216e-01
1.183949922229262e-07	9.232701e-01
1.202264434617372e-07	9.238186e-01
1.220862254059030e-07	9.243671e-01
1.239747763028902e-07	9.249156e-01
1.258925411794124e-07	9.254640e-01
1.278399719462980e-07	9.260125e-01
1.298175275049804e-07	9.265610e-01
1.318256738556362e-07	9.271094e-01
1.338648842069947e-07	9.276579e-01
1.359356390878478e-07	9.282064e-01
1.380384264602837e-07	9.287549e-01
1.401737418346721e-07	9.293033e-01
1.423420883864292e-07	9.298518e-01
1.445439770745877e-07	9.304003e-01
1.467799267622018e-07	9.309487e-01
1.490504643386144e-07	9.314972e-01
1.513561248436155e-07	9.320456e-01
1.536974515935217e-07	9.325941e-01
1.560749963092056e-07	9.331425e-01
1.584893192461057e-07	9.336910e-01
1.609409893262478e-07	9.342394e-01
1.634305842723079e-07	9.347879e-01
1.659586907437501e-07	9.353364e-01
1.685259044750691e-07	9.358848e-01
1.711328304161720e-07	9.364333e-01
1.737800828749313e-07	9.369817e-01
1.764682856619437e-07	9.375302e-01
1.791980722375269e-07	9.380786e-01
1.819700858609918e-07	9.386271e-01
1.847849797422224e-07	9.391755e-01
1.876434171956017e-07	9.397240e-01
1.905460717963178e-07	9.402725e-01
1.934936275390882e-07	9.408209e-01
1.964867789993396e-07	9.413694e-01
1.995262314968807e-07	9.419178e-01
2.026127012621070e-07	9.424663e-01
2.057469156047764e-07	9.430147e-01
2.089296130853963e-07	9.435632e-01
2.121615436892607e-07	9.441116e-01
2.154434690031805e-07	9.446600e-01
2.187761623949472e-07	9.452085e-01
2.221604091955730e-07	9.457569e-01
2.255970068843493e-07	9.463053e-01
2.290867652767688e-07	9.468538e-01
2.326305067153540e-07	9.474022e-01
2.362290662634374e-07	9.479507e-01
2.398832919019401e-07	9.484991e-01
2.435940447291936e-07	9.490476e-01
2.473621991638529e-07	9.495960e-01
2.511886431509486e-07	9.501445e-01
2.550742783711263e-07	9.506929e-01
2.590200204531227e-07	9.512413e-01
2.630267991895283e-07	9.517897e-01
2.670955587558884e-07	9.523382e-01
2.712272579331926e-07	9.528866e-01
2.754228703338063e-07	9.534351e-01
2.796833846308972e-07	9.539835e-01
2.840098047914108e-07	9.545319e-01
2.884031503126497e-07	9.550804e-01
2.928644564625126e-07	9.556288e-01
2.973947745234494e-07	9.561772e-01
3.019951720401902e-07	9.567257e-01
3.066667330713067e-07	9.572741e-01
3.114105584446642e-07	9.578225e-01
3.162277660168260e-07	9.583710e-01
3.211194909364701e-07	9.589194e-01
3.260868859118809e-07	9.594678e-01
3.311311214825785e-07	9.600163e-01
3.362533862951499e-07	9.605647e-01
3.414548873833471e-07	9.611131e-01
3.467368504525184e-07	9.616615e-01
3.521005201684384e-07	9.622099e-01
3.575471604506076e-07	9.627584e-01
3.630780547700873e-07	9.633068e-01
3.686945064519433e-07	9.638553e-01
3.743978389823666e-07	9.644037e-01
3.801893963205464e-07	9.649521e-01
3.860705432153663e-07	9.655005e-01
3.920426655270000e-07	9.660490e-01
3.981071705534817e-07	9.665974e-01
4.042654873623285e-07	9.671458e-01
4.105190671272918e-07	9.676942e-01
4.168693834703191e-07	9.682426e-01
4.233179328088042e-07	9.687911e-01
4.298662347082107e-07	9.693395e-01
4.365158322401487e-07	9.698879e-01
4.432682923459913e-07	9.704363e-01
4.501252062061158e-07	9.709848e-01
4.570881896148568e-07	9.715332e-01
4.641588833612594e-07	9.720816e-01
4.713389536157217e-07	9.726300e-01
4.786300923226192e-07	9.731784e-01
4.860340175990024e-07	9.737269e-01
4.935524741394609e-07	9.742753e-01
5.011872336272523e-07	9.748237e-01
5.089400951517886e-07	9.753721e-01
5.168128856325828e-07	9.759206e-01
5.248074602497515e-07	9.764690e-01
5.329257028811789e-07	9.770174e-01
5.411695265464418e-07	9.775658e-01
5.495408738576024e-07	9.781142e-01
5.580417174769739e-07	9.786627e-01
5.666740605819683e-07	9.792111e-01
5.754399373371336e-07	9.797595e-01
5.843414133734938e-07	9.803079e-01
5.933805862753038e-07	9.808564e-01
6.025595860743332e-07	9.814048e-01
6.118805757517970e-07	9.819532e-01
6.213457517480503e-07	9.825016e-01
6.309573444801674e-07	9.830500e-01
6.407176188675276e-07	9.835985e-01
6.506288748655305e-07	9.841469e-01
6.606934480075689e-07	9.846953e-01
6.709137099553837e-07	9.852437e-01
6.812920690579333e-07	9.857922e-01
6.918309709189080e-07	9.863406e-01
7.025328989730231e-07	9.868890e-01
7.134003750712267e-07	9.874374e-01
7.244359600749601e-07	9.879858e-01
7.356422544596108e-07	9.885342e-01
7.470218989273006e-07	9.890826e-01
7.585775750291522e-07	9.896311e-01
7.703120057971825e-07	9.901795e-01
7.822279563859699e-07	9.907279e-01
7.943282347242483e-07	9.912763e-01
8.066156921765797e-07	9.918247e-01
8.190932242152629e-07	9.923732e-01
8.317637711026361e-07	9.929216e-01
8.446303185839331e-07	9.934700e-01
8.576958985908581e-07	9.940184e-01
8.709635899560440e-07	9.945669e-01
8.844365191385625e-07	9.951153e-01
8.981178609606567e-07	9.956637e-01
9.120108393558713e-07	9.962121e-01
9.261187281287544e-07	9.967605e-01
9.404448517263119e-07	9.973089e-01
9.549925860213954e-07	9.978573e-01
9.697653591082081e-07	9.984058e-01
9.847666521101162e-07	9.989542e-01
9.999999999999574e-07	9.995026e-01
1.015468992433037e-06	1.000051e+00
1.031177274593011e-06	1.000600e+00
1.047128548050855e-06	1.001148e+00
1.063326571637116e-06	1.001696e+00
1.079775162327663e-06	1.002245e+00
1.096478196143138e-06	1.002793e+00
1.113439609062313e-06	1.003342e+00
1.130663397949590e-06	1.003890e+00
1.148153621496833e-06	1.004438e+00
1.165914401179781e-06	1.004987e+00
1.183949922229251e-06	1.005535e+00
1.202264434617361e-06	1.006084e+00
1.220862254059018e-06	1.006632e+00
1.239747763028890e-06	1.007180e+00
1.258925411794112e-06	1.007729e+00
1.278399719462968e-06	1.008277e+00
1.298175275049792e-06	1.008826e+00
1.318256738556349e-06	1.009374e+00
1.338648842069934e-06	1.009923e+00
1.359356390878466e-06	1.010471e+00
1.380384264602824e-06	1.011019e+00
1.401737418346708e-06	1.011568e+00
1.423420883864279e-06	1.012116e+00
1.445439770745863e-06	1.012665e+00
1.467799267622004e-06	1.013213e+00
1.490504643386130e-06	1.013762e+00
1.513561248436141e-06	1.014310e+00
1.536974515935203e-06	1.014858e+00
1.560749963092042e-06	1.015407e+00
1.584893192461043e-06	1.015955e+00
1.609409893262463e-06	1.016504e+00
1.634305842723064e-06	1.017052e+00
1.659586907437486e-06	1.017600e+00
1.685259044750675e-06	1.018149e+00
1.711328304161703e-06	1.018697e+00
1.737800828749297e-06	1.019246e+00
1.764682856619420e-06	1.019794e+00
1.791980722375252e-06	1.020343e+00
1.819700858609901e-06	1.020891e+00
1.847849797422207e-06	1.021439e+00
1.876434171956000e-06	1.021988e+00
1.905460717963160e-06	1.022536e+00
1.934936275390864e-06	1.023085e+00
1.964867789993377e-06	1.023633e+00
1.995262314968788e-06	1.024182e+00
2.026127012621050e-06	1.024730e+00
2.057469156047744e-06	1.025278e+00
2.089296130853943e-06	1.025827e+00
2.121615436892586e-06	1.026375e+00
2.154434690031784e-06	1.026924e+00
2.187761623949451e-06	1.027472e+00
2.221604091955708e-06	1.028021e+00
2.255970068843471e-06	1.028569e+00
2.290867652767666e-06	1.029117e+00
2.326305067153517e-06	1.029666e+00
2.362290662634351e-06	1.030214e+00
2.398832919019378e-06	1.030763e+00
2.435940447291912e-06	1.031311e+00
2.473621991638505e-06	1.031860e+00
2.511886431509462e-06	1.032408e+00
2.550742783711238e-06	1.032956e+00
2.590200204531201e-06	1.033505e+00
2.630267991895257e-06	1.034053e+00
2.670955587558858e-06	1.034602e+00
2.712272579331899e-06	1.035150e+00
2.754228703338035e-06	1.035699e+00
2.796833846308943e-06	1.036247e+00
2.840098047914079e-06	1.036795e+00
2.884031503126468e-06	1.037344e+00
2.928644564625096e-06	1.037892e+00
2.973947745234463e-06	1.038441e+00
3.019951720401871e-06	1.038989e+00
3.066667330713035e-06	1.039538e+00
3.114105584446609e-06	1.040086e+00
3.162277660168226e-06	1.040635e+00
3.211194909364667e-06	1.041183e+00
3.260868859118775e-06	1.041731e+00
3.311311214825750e-06	1.042280e+00
3.362533862951463e-06	1.042828e+00
3.414548873833435e-06	1.043377e+00
3.467368504525147e-06	1.043925e+00
3.521005201684347e-06	1.044474e+00
3.575471604506038e-06	1.045022e+00
3.630780547700835e-06	1.045570e+00
3.686945064519394e-06	1.046119e+00
3.743978389823627e-06	1.046667e+00
3.801893963205425e-06	1.047216e+00
3.860705432153623e-06	1.047764e+00
3.920426655269958e-06	1.048313e+00
3.981071705534775e-06	1.048861e+00
4.042654873623242e-06	1.049410e+00
4.105190671272875e-06	1.049958e+00
4.168693834703146e-06	1.050507e+00
4.233179328087997e-06	1.051055e+00
4.298662347082062e-06	1.051603e+00
4.365158322401441e-06	1.052152e+00
4.432682923459867e-06	1.052700e+00
4.501252062061111e-06	1.053249e+00
4.570881896148521e-06	1.053797e+00
4.641588833612546e-06	1.054346e+00
4.713389536157168e-06	1.054894e+00
4.786300923226143e-06	1.055443e+00
4.860340175989973e-06	1.055991e+00
4.935524741394558e-06	1.056540e+00
5.011872336272470e-06	1.057088e+00
5.089400951517832e-06	1.057636e+00
5.168128856325773e-06	1.058185e+00
5.248074602497461e-06	1.058733e+00
5.329257028811734e-06	1.059282e+00
5.411695265464362e-06	1.059830e+00
5.495408738575966e-06	1.060379e+00
5.580417174769681e-06	1.060927e+00
5.666740605819624e-06	1.061476e+00
5.754399373371276e-06	1.062024e+00
5.843414133734878e-06	1.062573e+00
5.933805862752977e-06	1.063121e+00
6.025595860743270e-06	1.063670e+00
6.118805757517907e-06	1.064218e+00
6.213457517480439e-06	1.064767e+00
6.309573444801609e-06	1.065315e+00
6.407176188675209e-06	1.065863e+00
6.506288748655237e-06	1.066412e+00
6.606934480075620e-06	1.066960e+00
6.709137099553766e-06	1.067509e+00
6.812920690579261e-06	1.068057e+00
6.918309709189008e-06	1.068606e+00
7.025328989730158e-06	1.069154e+00
7.134003750712193e-06	1.069703e+00
7.244359600749526e-06	1.070251e+00
7.356422544596032e-06	1.070800e+00
7.470218989272929e-06	1.071348e+00
7.585775750291443e-06	1.071897e+00
7.703120057971745e-06	1.072445e+00
7.822279563859618e-06	1.072994e+00
7.943282347242400e-06	1.073542e+00
8.066156921765713e-06	1.074091e+00
8.190932242152544e-06	1.074639e+00
8.317637711026274e-06	1.075188e+00
8.446303185839243e-06	1.075736e+00
8.576958985908491e-06	1.076285e+00
8.709635899560348e-06	1.076833e+00
8.844365191385531e-06	1.077382e+00
8.981178609606473e-06	1.077930e+00
9.120108393558617e-06	1.078479e+00
9.261187281287446e-06	1.079027e+00
9.404448517263020e-06	1.079576e+00
9.549925860213854e-06	1.080124e+00
9.697653591081979e-06	1.080673e+00
9.847666521101060e-06	1.081221e+00
9.999999999999469e-06	1.081770e+00
1.015468992433026e-05	1.082319e+00
1.031177274593000e-05	1.082867e+00
1.047128548050844e-05	1.083416e+00
1.063326571637105e-05	1.083964e+00
1.079775162327652e-05	1.084513e+00
1.096478196143126e-05	1.085061e+00
1.113439609062302e-05	1.085610e+00
1.130663397949578e-05	1.086158e+00
1.148153621496821e-05	1.086707e+00
1.165914401179769e-05	1.087255e+00
1.183949922229238e-05	1.087804e+00
1.202264434617348e-05	1.088352e+00
1.220862254059005e-05	1.088901e+00
1.239747763028877e-05	1.089450e+00
1.258925411794099e-05	1.089998e+00
1.278399719462954e-05	1.090547e+00
1.298175275049779e-05	1.091095e+00
1.318256738556335e-05	1.091644e+00
1.338648842069920e-05	1.092192e+00
1.359356390878452e-05	1.092741e+00
1.380384264602810e-05	1.093289e+00
1.401737418346693e-05	1.093838e+00
1.423420883864264e-05	1.094387e+00
1.445439770745848e-05	1.094935e+00
1.467799267621989e-05	1.095484e+00
1.490504643386114e-05	1.096032e+00
1.513561248436125e-05	1.096581e+00
1.536974515935187e-05	1.097130e+00
1.560749963092025e-05	1.097678e+00
1.584893192461026e-05	1.098227e+00
1.609409893262446e-05	1.098775e+00
1.634305842723047e-05	1.099324e+00
1.659586907437469e-05	1.099873e+00
1.685259044750658e-05	1.100421e+00
1.711328304161686e-05	1.100970e+00
1.737800828749279e-05	1.101518e+00
1.764682856619402e-05	1.102067e+00
1.791980722375234e-05	1.102616e+00
1.819700858609882e-05	1.103164e+00
1.847849797422188e-05	1.103713e+00
1.876434171955981e-05	1.104262e+00
1.905460717963141e-05	1.104810e+00
1.934936275390844e-05	1.105359e+00
1.964867789993357e-05	1.105907e+00
1.995262314968768e-05	1.106456e+00
2.026127012621030e-05	1.107005e+00
2.057469156047724e-05	1.107553e+00
2.089296130853922e-05	1.108102e+00
2.121615436892565e-05	1.108651e+00
2.154434690031762e-05	1.109199e+00
2.187761623949429e-05	1.109748e+00
2.221604091955686e-05	1.110297e+00
2.255970068843449e-05	1.110845e+00
2.290867652767643e-05	1.111394e+00
2.326305067153494e-05	1.111943e+00
2.362290662634328e-05	1.112491e+00
2.398832919019354e-05	1.113040e+00
2.435940447291888e-05	1.113589e+00
2.473621991638480e-05	1.114138e+00
2.511886431509437e-05	1.114686e+00
2.550742783711213e-05	1.115235e+00
2.590200204531176e-05	1.115784e+00
2.630267991895231e-05	1.116332e+00
2.670955587558832e-05	1.116881e+00
2.712272579331873e-05	1.117430e+00
2.754228703338008e-05	1.117979e+00
2.796833846308916e-05	1.118527e+00
2.840098047914052e-05	1.119076e+00
2.884031503126440e-05	1.119625e+00
2.928644564625068e-05	1.120174e+00
2.973947745234434e-05	1.120723e+00
3.019951720401842e-05	1.121271e+00
3.066667330713006e-05	1.121820e+00
3.114105584446579e-05	1.122369e+00
3.162277660168196e-05	1.122918e+00
3.211194909364636e-05	1.123466e+00
3.260868859118744e-05	1.124015e+00
3.311311214825719e-05	1.124564e+00
3.362533862951431e-05	1.125113e+00
3.414548873833403e-05	1.125662e+00
3.467368504525114e-05	1.126211e+00
3.521005201684314e-05	1.126759e+00
3.575471604506005e-05	1.127308e+00
3.630780547700801e-05	1.127857e+00
3.686945064519359e-05	1.128406e+00
3.743978389823592e-05	1.128955e+00
3.801893963205389e-05	1.129504e+00
3.860705432153586e-05	1.130053e+00
3.920426655269922e-05	1.130601e+00
3.981071705534738e-05	1.131150e+00
4.042654873623204e-05	1.131699e+00
4.105190671272836e-05	1.132248e+00
4.168693834703107e-05	1.132797e+00
4.233179328087958e-05	1.133346e+00
4.298662347082022e-05	1.133895e+00
4.365158322401400e-05	1.134444e+00
4.432682923459825e-05	1.134993e+00
4.501252062061068e-05	1.135542e+00
4.570881896148478e-05	1.136091e+00
4.641588833612502e-05	1.136640e+00
4.713389536157123e-05	1.137189e+00
4.786300923226097e-05	1.137738e+00
4.860340175989926e-05	1.138287e+00
4.935524741394510e-05	1.138836e+00
5.011872336272422e-05	1.139385e+00
5.089400951517784e-05	1.139934e+00
5.168128856325724e-05	1.140483e+00
5.248074602497410e-05	1.141032e+00
5.329257028811683e-05	1.141581e+00
5.411695265464311e-05	1.142130e+00
5.495408738575914e-05	1.142679e+00
5.580417174769627e-05	1.143228e+00
5.666740605819570e-05	1.143777e+00
5.754399373371221e-05	1.144327e+00
5.843414133734821e-05	1.144876e+00
5.933805862752919e-05	1.145425e+00
6.025595860743211e-05	1.145974e+00
6.118805757517847e-05	1.146523e+00
6.213457517480378e-05	1.147072e+00
6.309573444801547e-05	1.147622e+00
6.407176188675146e-05	1.148171e+00
6.506288748655173e-05	1.148720e+00
6.606934480075555e-05	1.149269e+00
6.709137099553701e-05	1.149818e+00
6.812920690579195e-05	1.150368e+00
6.918309709188940e-05	1.150917e+00
7.025328989730089e-05	1.151466e+00
7.134003750712122e-05	1.152015e+00
7.244359600749454e-05	1.152565e+00
7.356422544595959e-05	1.153114e+00
7.470218989272855e-05	1.153663e+00
7.585775750291370e-05	1.154213e+00
7.703120057971670e-05	1.154762e+00
7.822279563859541e-05	1.155312e+00
7.943282347242322e-05	1.155861e+00
8.066156921765633e-05	1.156410e+00
8.190932242152464e-05	1.156960e+00
8.317637711026193e-05	1.157509e+00
8.446303185839160e-05	1.158059e+00
8.576958985908407e-05	1.158608e+00
8.709635899560263e-05	1.159158e+00
8.844365191385445e-05	1.159707e+00
8.981178609606384e-05	1.160257e+00
9.120108393558527e-05	1.160806e+00
9.261187281287356e-05	1.161356e+00
9.404448517262928e-05	1.161905e+00
9.549925860213760e-05	1.162455e+00
9.697653591081884e-05	1.163005e+00
9.847666521100963e-05	1.163554e+00
9.999999999999372e-05	1.164104e+00
1.015468992433016e-04	1.164654e+00
1.031177274592990e-04	1.165203e+00
1.047128548050833e-04	1.165753e+00
1.063326571637094e-04	1.166303e+00
1.079775162327641e-04	1.166852e+00
1.096478196143116e-04	1.167402e+00
1.113439609062291e-04	1.167952e+00
1.130663397949567e-04	1.168502e+00
1.148153621496810e-04	1.169052e+00
1.165914401179758e-04	1.169602e+00
1.183949922229227e-04	1.170151e+00
1.202264434617336e-04	1.170701e+00
1.220862254058993e-04	1.171251e+00
1.239747763028865e-04	1.171801e+00
1.258925411794087e-04	1.172351e+00
1.278399719462942e-04	1.172901e+00
1.298175275049766e-04	1.173451e+00
1.318256738556323e-04	1.174001e+00
1.338648842069907e-04	1.174551e+00
1.359356390878438e-04	1.175102e+00
1.380384264602796e-04	1.175652e+00
1.401737418346680e-04	1.176202e+00
1.423420883864250e-04	1.176752e+00
1.445439770745834e-04	1.177302e+00
1.467799267621975e-04	1.177853e+00
1.490504643386100e-04	1.178403e+00
1.513561248436110e-04	1.178953e+00
1.536974515935172e-04	1.179503e+00
1.560749963092010e-04	1.180054e+00
1.584893192461010e-04	1.180604e+00
1.609409893262430e-04	1.181155e+00
1.634305842723031e-04	1.181705e+00
1.659586907437453e-04	1.182256e+00
1.685259044750641e-04	1.182806e+00
1.711328304161669e-04	1.183357e+00
1.737800828749262e-04	1.183907e+00
1.764682856619385e-04	1.184458e+00
1.791980722375216e-04	1.185009e+00
1.819700858609864e-04	1.185559e+00
1.847849797422170e-04	1.186110e+00
1.876434171955962e-04	1.186661e+00
1.905460717963122e-04	1.187212e+00
1.934936275390825e-04	1.187762e+00
1.964867789993338e-04	1.188313e+00
1.995262314968748e-04	1.188864e+00
2.026127012621010e-04	1.189415e+00
2.057469156047704e-04	1.189966e+00
2.089296130853902e-04	1.190517e+00
2.121615436892545e-04	1.191068e+00
2.154434690031742e-04	1.191619e+00
2.187761623949408e-04	1.192170e+00
2.221604091955665e-04	1.192722e+00
2.255970068843427e-04	1.193273e+00
2.290867652767621e-04	1.193824e+00
2.326305067153472e-04	1.194376e+00
2.362290662634305e-04	1.194927e+00
2.398832919019331e-04	1.195478e+00
2.435940447291865e-04	1.196030e+00
2.473621991638457e-04	1.196581e+00
2.511886431509413e-04	1.197133e+00
2.550742783711188e-04	1.197684e+00
2.590200204531151e-04	1.198236e+00
2.630267991895206e-04	1.198788e+00
2.670955587558806e-04	1.199340e+00
2.712272579331846e-04	1.199891e+00
2.754228703337981e-04	1.200443e+00
2.796833846308889e-04	1.200995e+00
2.840098047914024e-04	1.201547e+00
2.884031503126412e-04	1.202099e+00
2.928644564625039e-04	1.202651e+00
2.973947745234405e-04	1.203203e+00
3.019951720401813e-04	1.203756e+00
3.066667330712975e-04	1.204308e+00
3.114105584446549e-04	1.204860e+00
3.162277660168165e-04	1.205413e+00
3.211194909364605e-04	1.205965e+00
3.260868859118712e-04	1.206518e+00
3.311311214825686e-04	1.207070e+00
3.362533862951398e-04	1.207623e+00
3.414548873833369e-04	1.208176e+00
3.467368504525081e-04	1.208728e+00
3.521005201684280e-04	1.209281e+00
3.575471604505970e-04	1.209834e+00
3.630780547700766e-04	1.210387e+00
3.686945064519323e-04	1.210940e+00
3.743978389823555e-04	1.211493e+00
3.801893963205352e-04	1.212046e+00
3.860705432153548e-04	1.212600e+00
3.920426655269883e-04	1.213153e+00
3.981071705534699e-04	1.213706e+00
4.042654873623165e-04	1.214260e+00
4.105190671272797e-04	1.214813e+00
4.168693834703067e-04	1.215367e+00
4.233179328087917e-04	1.215921e+00
4.298662347081980e-04	1.216475e+00
4.365158322401358e-04	1.217028e+00
4.432682923459782e-04	1.217582e+00
4.501252062061025e-04	1.218137e+00
4.570881896148433e-04	1.218691e+00
4.641588833612457e-04	1.219245e+00
4.713389536157077e-04	1.219799e+00
4.786300923226050e-04	1.220354e+00
4.860340175989879e-04	1.220908e+00
4.935524741394462e-04	1.221463e+00
5.011872336272373e-04	1.222018e+00
5.089400951517734e-04	1.222572e+00
5.168128856325673e-04	1.223127e+00
5.248074602497359e-04	1.223682e+00
5.329257028811631e-04	1.224237e+00
5.411695265464257e-04	1.224793e+00
5.495408738575860e-04	1.225348e+00
5.580417174769572e-04	1.225904e+00
5.666740605819513e-04	1.226459e+00
5.754399373371163e-04	1.227015e+00
5.843414133734763e-04	1.227570e+00
5.933805862752860e-04	1.228126e+00
6.025595860743152e-04	1.228682e+00
6.118805757517787e-04	1.229238e+00
6.213457517480317e-04	1.229795e+00
6.309573444801485e-04	1.230351e+00
6.407176188675083e-04	1.230908e+00
6.506288748655110e-04	1.231464e+00
6.606934480075491e-04	1.232021e+00
6.709137099553636e-04	1.232578e+00
6.812920690579128e-04	1.233135e+00
6.918309709188872e-04	1.233692e+00
7.025328989730020e-04	1.234249e+00
7.134003750712053e-04	1.234806e+00
7.244359600749383e-04	1.235364e+00
7.356422544595887e-04	1.235922e+00
7.470218989272782e-04	1.236480e+00
7.585775750291294e-04	1.237037e+00
7.703120057971594e-04	1.237596e+00
7.822279563859465e-04	1.238154e+00
7.943282347242245e-04	1.238712e+00
8.066156921765554e-04	1.239271e+00
8.190932242152383e-04	1.239830e+00
8.317637711026110e-04	1.240388e+00
8.446303185839076e-04	1.240947e+00
8.576958985908322e-04	1.241507e+00
8.709635899560177e-04	1.242066e+00
8.844365191385357e-04	1.242626e+00
8.981178609606295e-04	1.243185e+00
9.120108393558437e-04	1.243745e+00
9.261187281287263e-04	1.244305e+00
9.404448517262835e-04	1.244866e+00
9.549925860213666e-04	1.245426e+00
9.697653591081789e-04	1.245987e+00
9.847666521100866e-04	1.246547e+00
9.999999999999272e-04	1.247108e+00
1.015468992433006e-03	1.247670e+00
1.031177274592980e-03	1.248231e+00
1.047128548050823e-03	1.248793e+00
1.063326571637083e-03	1.249354e+00
1.079775162327631e-03	1.249917e+00
1.096478196143105e-03	1.250479e+00
1.113439609062280e-03	1.251041e+00
1.130663397949556e-03	1.251604e+00
1.148153621496799e-03	1.252167e+00
1.165914401179746e-03	1.252730e+00
1.183949922229215e-03	1.253293e+00
1.202264434617325e-03	1.253857e+00
1.220862254058981e-03	1.254421e+00
1.239747763028853e-03	1.254984e+00
1.258925411794074e-03	1.255549e+00
1.278399719462929e-03	1.256113e+00
1.298175275049753e-03	1.256678e+00
1.318256738556309e-03	1.257243e+00
1.338648842069894e-03	1.257808e+00
1.359356390878425e-03	1.258374e+00
1.380384264602782e-03	1.258940e+00
1.401737418346666e-03	1.259506e+00
1.423420883864236e-03	1.260072e+00
1.445439770745820e-03	1.260639e+00
1.467799267621960e-03	1.261206e+00
1.490504643386085e-03	1.261773e+00
1.513561248436095e-03	1.262340e+00
1.536974515935157e-03	1.262908e+00
1.560749963091995e-03	1.263476e+00
1.584893192460995e-03	1.264045e+00
1.609409893262415e-03	1.264613e+00
1.634305842723015e-03	1.265182e+00
1.659586907437436e-03	1.265752e+00
1.685259044750625e-03	1.266321e+00
1.711328304161652e-03	1.266891e+00
1.737800828749245e-03	1.267462e+00
1.764682856619368e-03	1.268032e+00
1.791980722375199e-03	1.268603e+00
1.819700858609846e-03	1.269175e+00
1.847849797422152e-03	1.269746e+00
1.876434171955944e-03	1.270318e+00
1.905460717963103e-03	1.270891e+00
1.934936275390806e-03	1.271464e+00
1.964867789993319e-03	1.272037e+00
1.995262314968728e-03	1.272610e+00
2.026127012620990e-03	1.273184e+00
2.057469156047683e-03	1.273759e+00
2.089296130853881e-03	1.274333e+00
2.121615436892523e-03	1.274909e+00
2.154434690031720e-03	1.275484e+00
2.187761623949386e-03	1.276060e+00
2.221604091955642e-03	1.276637e+00
2.255970068843404e-03	1.277213e+00
2.290867652767598e-03	1.277791e+00
2.326305067153448e-03	1.278368e+00
2.362290662634281e-03	1.278947e+00
2.398832919019306e-03	1.279525e+00
2.435940447291840e-03	1.280104e+00
2.473621991638431e-03	1.280684e+00
2.511886431509387e-03	1.281264e+00
2.550742783711162e-03	1.281845e+00
2.590200204531124e-03	1.282426e+00
2.630267991895179e-03	1.283007e+00
2.670955587558778e-03	1.283589e+00
2.712272579331818e-03	1.284172e+00
2.754228703337953e-03	1.284755e+00
2.796833846308860e-03	1.285339e+00
2.840098047913994e-03	1.285923e+00
2.884031503126382e-03	1.286508e+00
2.928644564625008e-03	1.287093e+00
2.973947745234374e-03	1.287679e+00
3.019951720401781e-03	1.288265e+00
3.066667330712943e-03	1.288853e+00
3.114105584446516e-03	1.289440e+00
3.162277660168132e-03	1.290029e+00
3.211194909364572e-03	1.290617e+00
3.260868859118678e-03	1.291207e+00
3.311311214825652e-03	1.291797e+00
3.362533862951363e-03	1.292388e+00
3.414548873833334e-03	1.292979e+00
3.467368504525044e-03	1.293572e+00
3.521005201684242e-03	1.294164e+00
3.575471604505932e-03	1.294758e+00
3.630780547700727e-03	1.295352e+00
3.686945064519285e-03	1.295947e+00
3.743978389823516e-03	1.296543e+00
3.801893963205311e-03	1.297139e+00
3.860705432153508e-03	1.297736e+00
3.920426655269842e-03	1.298334e+00
3.981071705534657e-03	1.298932e+00
4.042654873623122e-03	1.299532e+00
4.105190671272753e-03	1.300132e+00
4.168693834703023e-03	1.300733e+00
4.233179328087872e-03	1.301335e+00
4.298662347081935e-03	1.301937e+00
4.365158322401312e-03	1.302541e+00
4.432682923459735e-03	1.303145e+00
4.501252062060978e-03	1.303750e+00
4.570881896148385e-03	1.304356e+00
4.641588833612408e-03	1.304963e+00
4.713389536157028e-03	1.305571e+00
4.786300923226000e-03	1.306180e+00
4.860340175989828e-03	1.306790e+00
4.935524741394410e-03	1.307400e+00
5.011872336272320e-03	1.308012e+00
5.089400951517681e-03	1.308625e+00
5.168128856325619e-03	1.309238e+00
5.248074602497303e-03	1.309853e+00
5.329257028811574e-03	1.310468e+00
5.411695265464200e-03	1.311085e+00
5.495408738575802e-03	1.311703e+00
5.580417174769514e-03	1.312321e+00
5.666740605819454e-03	1.312941e+00
5.754399373371104e-03	1.313562e+00
5.843414133734704e-03	1.314184e+00
5.933805862752800e-03	1.314808e+00
6.025595860743090e-03	1.315432e+00
6.118805757517724e-03	1.316058e+00
6.213457517480253e-03	1.316684e+00
6.309573444801421e-03	1.317312e+00
6.407176188675018e-03	1.317942e+00
6.506288748655043e-03	1.318572e+00
6.606934480075423e-03	1.319204e+00
6.709137099553566e-03	1.319837e+00
6.812920690579058e-03	1.320471e+00
6.918309709188802e-03	1.321107e+00
7.025328989729948e-03	1.321744e+00
7.134003750711979e-03	1.322382e+00
7.244359600749309e-03	1.323022e+00
7.356422544595812e-03	1.323663e+00
7.470218989272705e-03	1.324306e+00
7.585775750291217e-03	1.324950e+00
7.703120057971515e-03	1.325595e+00
7.822279563859384e-03	1.326242e+00
7.943282347242163e-03	1.326891e+00
8.066156921765473e-03	1.327541e+00
8.190932242152300e-03	1.328193e+00
8.317637711026026e-03	1.328846e+00
8.446303185838989e-03	1.329501e+00
8.576958985908233e-03	1.330158e+00
8.709635899560086e-03	1.330816e+00
8.844365191385265e-03	1.331476e+00
8.981178609606202e-03	1.332138e+00
9.120108393558342e-03	1.332801e+00
9.261187281287168e-03	1.333466e+00
9.404448517262737e-03	1.334133e+00
9.549925860213566e-03	1.334802e+00
9.697653591081686e-03	1.335473e+00
9.847666521100761e-03	1.336145e+00
9.999999999999166e-03	1.336820e+00
1.015468992432995e-02	1.337496e+00
1.031177274592969e-02	1.338175e+00
1.047128548050812e-02	1.338855e+00
1.063326571637072e-02	1.339538e+00
1.079775162327619e-02	1.340222e+00
1.096478196143093e-02	1.340909e+00
1.113439609062268e-02	1.341598e+00
1.130663397949544e-02	1.342289e+00
1.148153621496786e-02	1.342982e+00
1.165914401179734e-02	1.343678e+00
1.183949922229202e-02	1.344375e+00
1.202264434617312e-02	1.345075e+00
1.220862254058968e-02	1.345778e+00
1.239747763028839e-02	1.346483e+00
1.258925411794061e-02	1.347190e+00
1.278399719462915e-02	1.347899e+00
1.298175275049739e-02	1.348612e+00
1.318256738556295e-02	1.349326e+00
1.338648842069880e-02	1.350044e+00
1.359356390878410e-02	1.350763e+00
1.380384264602767e-02	1.351486e+00
1.401737418346651e-02	1.352211e+00
1.423420883864220e-02	1.352939e+00
1.445439770745804e-02	1.353670e+00
1.467799267621944e-02	1.354403e+00
1.490504643386069e-02	1.355140e+00
1.513561248436079e-02	1.355879e+00
1.536974515935140e-02	1.356621e+00
1.560749963091978e-02	1.357367e+00
1.584893192460978e-02	1.358115e+00
1.609409893262397e-02	1.358866e+00
1.634305842722997e-02	1.359621e+00
1.659586907437418e-02	1.360379e+00
1.685259044750607e-02	1.361139e+00
1.711328304161634e-02	1.361904e+00
1.737800828749226e-02	1.362671e+00
1.764682856619348e-02	1.363442e+00
1.791980722375179e-02	1.364217e+00
1.819700858609827e-02	1.364995e+00
1.847849797422132e-02	1.365776e+00
1.876434171955924e-02	1.366561e+00
1.905460717963083e-02	1.367350e+00
1.934936275390785e-02	1.368142e+00
1.964867789993298e-02	1.368939e+00
1.995262314968707e-02	1.369739e+00
2.026127012620968e-02	1.370543e+00
2.057469156047661e-02	1.371351e+00
2.089296130853859e-02	1.372162e+00
2.121615436892501e-02	1.372978e+00
2.154434690031697e-02	1.373798e+00
2.187761623949363e-02	1.374623e+00
2.221604091955619e-02	1.375451e+00
2.255970068843380e-02	1.376284e+00
2.290867652767574e-02	1.377122e+00
2.326305067153424e-02	1.377964e+00
2.362290662634256e-02	1.378810e+00
2.398832919019282e-02	1.379661e+00
2.435940447291815e-02	1.380517e+00
2.473621991638406e-02	1.381377e+00
2.511886431509361e-02	1.382242e+00
2.550742783711136e-02	1.383112e+00
2.590200204531098e-02	1.383987e+00
2.630267991895152e-02	1.384868e+00
2.670955587558751e-02	1.385753e+00
2.712272579331791e-02	1.386643e+00
2.754228703337925e-02	1.387539e+00
2.796833846308832e-02	1.388440e+00
2.840098047913966e-02	1.389347e+00
2.884031503126353e-02	1.390259e+00
2.928644564624979e-02	1.391177e+00
2.973947745234345e-02	1.392100e+00
3.019951720401751e-02	1.393030e+00
3.066667330712913e-02	1.393965e+00
3.114105584446485e-02	1.394906e+00
3.162277660168101e-02	1.395853e+00
3.211194909364540e-02	1.396807e+00
3.260868859118646e-02	1.397766e+00
3.311311214825619e-02	1.398732e+00
3.362533862951330e-02	1.399705e+00
3.414548873833300e-02	1.400684e+00
3.467368504525010e-02	1.401670e+00
3.521005201684207e-02	1.402662e+00
3.575471604505896e-02	1.403661e+00
3.630780547700691e-02	1.404668e+00
3.686945064519248e-02	1.405681e+00
3.743978389823479e-02	1.406702e+00
3.801893963205274e-02	1.407730e+00
3.860705432153470e-02	1.408765e+00
3.920426655269803e-02	1.409808e+00
3.981071705534618e-02	1.410858e+00
4.042654873623083e-02	1.411917e+00
4.105190671272713e-02	1.412983e+00
4.168693834702981e-02	1.414057e+00
4.233179328087830e-02	1.415139e+00
4.298662347081892e-02	1.416230e+00
4.365158322401268e-02	1.417329e+00
4.432682923459691e-02	1.418436e+00
4.501252062060933e-02	1.419552e+00
4.570881896148340e-02	1.420677e+00
4.641588833612362e-02	1.421811e+00
4.713389536156981e-02	1.422954e+00
4.786300923225953e-02	1.424106e+00
4.860340175989780e-02	1.425267e+00
4.935524741394362e-02	1.426438e+00
5.011872336272272e-02	1.427618e+00
5.089400951517632e-02	1.428809e+00
5.168128856325569e-02	1.430009e+00
5.248074602497253e-02	1.431219e+00
5.329257028811523e-02	1.432439e+00
5.411695265464148e-02	1.433670e+00
5.495408738575749e-02	1.434912e+00
5.580417174769461e-02	1.436164e+00
5.666740605819400e-02	1.437427e+00
5.754399373371049e-02	1.438701e+00
5.843414133734647e-02	1.439986e+00
5.933805862752742e-02	1.441283e+00
6.025595860743031e-02	1.442591e+00
6.118805757517665e-02	1.443911e+00
6.213457517480193e-02	1.445243e+00
6.309573444801359e-02	1.446587e+00
6.407176188674954e-02	1.447944e+00
6.506288748654979e-02	1.449312e+00
6.606934480075358e-02	1.450694e+00
6.709137099553500e-02	1.452088e+00
6.812920690578991e-02	1.453496e+00
6.918309709188733e-02	1.454917e+00
7.025328989729879e-02	1.456351e+00
7.134003750711909e-02	1.457799e+00
7.244359600749238e-02	1.459261e+00
7.356422544595739e-02	1.460737e+00
7.470218989272631e-02	1.462227e+00
7.585775750291142e-02	1.463732e+00
7.703120057971438e-02	1.465251e+00
7.822279563859307e-02	1.466786e+00
7.943282347242084e-02	1.468336e+00
8.066156921765391e-02	1.469901e+00
8.190932242152217e-02	1.471482e+00
8.317637711025942e-02	1.473079e+00
8.446303185838905e-02	1.474693e+00
8.576958985908148e-02	1.476323e+00
8.709635899560000e-02	1.477969e+00
8.844365191385177e-02	1.479632e+00
8.981178609606112e-02	1.481313e+00
9.120108393558250e-02	1.483011e+00
9.261187281287074e-02	1.484727e+00
9.404448517262642e-02	1.486461e+00
9.549925860213471e-02	1.488213e+00
9.697653591081590e-02	1.489984e+00
9.847666521100663e-02	1.491774e+00
9.999999999999067e-02	1.493583e+00
1.015468992432985e-01	1.495411e+00
1.031177274592959e-01	1.497259e+00
1.047128548050802e-01	1.499128e+00
1.063326571637062e-01	1.501016e+00
1.079775162327608e-01	1.502926e+00
1.096478196143082e-01	1.504856e+00
1.113439609062257e-01	1.506808e+00
1.130663397949533e-01	1.508781e+00
1.148153621496775e-01	1.510776e+00
1.165914401179722e-01	1.512794e+00
1.183949922229190e-01	1.514834e+00
1.202264434617300e-01	1.516898e+00
1.220862254058956e-01	1.518985e+00
1.239747763028827e-01	1.521095e+00
1.258925411794048e-01	1.523230e+00
1.278399719462903e-01	1.525389e+00
1.298175275049726e-01	1.527573e+00
1.318256738556282e-01	1.529783e+00
1.338648842069866e-01	1.532018e+00
1.359356390878397e-01	1.534279e+00
1.380384264602754e-01	1.536566e+00
1.401737418346637e-01	1.538880e+00
1.423420883864207e-01	1.541222e+00
1.445439770745790e-01	1.543591e+00
1.467799267621930e-01	1.545988e+00
1.490504643386054e-01	1.548414e+00
1.513561248436064e-01	1.550869e+00
1.536974515935125e-01	1.553353e+00
1.560749963091962e-01	1.555867e+00
1.584893192460962e-01	1.558411e+00
1.609409893262381e-01	1.560986e+00
1.634305842722981e-01	1.563592e+00
1.659586907437402e-01	1.566230e+00
1.685259044750590e-01	1.568901e+00
1.711328304161617e-01	1.571604e+00
1.737800828749209e-01	1.574340e+00
1.764682856619331e-01	1.577110e+00
1.791980722375162e-01	1.579914e+00
1.819700858609808e-01	1.582753e+00
1.847849797422113e-01	1.585627e+00
1.876434171955904e-01	1.588537e+00
1.905460717963063e-01	1.591483e+00
1.934936275390766e-01	1.594466e+00
1.964867789993278e-01	1.597487e+00
1.995262314968687e-01	1.600546e+00
2.026127012620947e-01	1.603643e+00
2.057469156047640e-01	1.606780e+00
2.089296130853837e-01	1.609957e+00
2.121615436892479e-01	1.613174e+00
2.154434690031675e-01	1.616432e+00
2.187761623949340e-01	1.619732e+00
2.221604091955595e-01	1.623074e+00
2.255970068843356e-01	1.626459e+00
2.290867652767550e-01	1.629887e+00
2.326305067153399e-01	1.633360e+00
2.362290662634231e-01	1.636878e+00
2.398832919019256e-01	1.640442e+00
2.435940447291789e-01	1.644052e+00
2.473621991638379e-01	1.647708e+00
2.511886431509334e-01	1.651413e+00
2.550742783711109e-01	1.655166e+00
2.590200204531070e-01	1.658968e+00
2.630267991895124e-01	1.662821e+00
2.670955587558723e-01	1.666724e+00
2.712272579331762e-01	1.670678e+00
2.754228703337896e-01	1.674685e+00
2.796833846308802e-01	1.678745e+00
2.840098047913935e-01	1.682858e+00
2.884031503126322e-01	1.687027e+00
2.928644564624948e-01	1.691251e+00
2.973947745234313e-01	1.695531e+00
3.019951720401718e-01	1.699868e+00
3.066667330712880e-01	1.704264e+00
3.114105584446452e-01	1.708718e+00
3.162277660168066e-01	1.713232e+00
3.211194909364505e-01	1.717807e+00
3.260868859118610e-01	1.722443e+00
3.311311214825583e-01	1.727142e+00
3.362533862951294e-01	1.731905e+00
3.414548873833263e-01	1.736732e+00
3.467368504524972e-01	1.741624e+00
3.521005201684170e-01	1.746583e+00
3.575471604505858e-01	1.751610e+00
3.630780547700652e-01	1.756704e+00
3.686945064519208e-01	1.761868e+00
3.743978389823438e-01	1.767103e+00
3.801893963205232e-01	1.772409e+00
3.860705432153427e-01	1.777788e+00
3.920426655269760e-01	1.783240e+00
3.981071705534574e-01	1.788768e+00
4.042654873623038e-01	1.794371e+00
4.105190671272667e-01	1.800051e+00
4.168693834702936e-01	1.805810e+00
4.233179328087783e-01	1.811648e+00
4.298662347081845e-01	1.817566e+00
4.365158322401220e-01	1.823567e+00
4.432682923459642e-01	1.829650e+00
4.501252062060883e-01	1.835818e+00
4.570881896148289e-01	1.842071e+00
4.641588833612310e-01	1.848411e+00
4.713389536156928e-01	1.854839e+00
4.786300923225899e-01	1.861356e+00
4.860340175989725e-01	1.867964e+00
4.935524741394306e-01	1.874664e+00
5.011872336272215e-01	1.881458e+00
5.089400951517574e-01	1.888346e+00
5.168128856325511e-01	1.895331e+00
5.248074602497194e-01	1.902414e+00
5.329257028811463e-01	1.909595e+00
5.411695265464087e-01	1.916878e+00
5.495408738575687e-01	1.924262e+00
5.580417174769396e-01	1.931750e+00
5.666740605819335e-01	1.939343e+00
5.754399373370982e-01	1.947043e+00
5.843414133734579e-01	1.954852e+00
5.933805862752674e-01	1.962770e+00
6.025595860742962e-01	1.970800e+00
6.118805757517594e-01	1.978943e+00
6.213457517480121e-01	1.987201e+00
6.309573444801286e-01	1.995576e+00
6.407176188674881e-01	2.004069e+00
6.506288748654905e-01	2.012683e+00
6.606934480075283e-01	2.021418e+00
6.709137099553424e-01	2.030277e+00
6.812920690578913e-01	2.039263e+00
6.918309709188654e-01	2.048375e+00
7.025328989729798e-01	2.057617e+00
7.134003750711827e-01	2.066990e+00
7.244359600749154e-01	2.076496e+00
7.356422544595654e-01	2.086138e+00
7.470218989272545e-01	2.095917e+00
7.585775750291054e-01	2.105836e+00
7.703120057971350e-01	2.115896e+00
7.822279563859217e-01	2.126099e+00
7.943282347241993e-01	2.136449e+00
8.066156921765300e-01	2.146946e+00
8.190932242152125e-01	2.157593e+00
8.317637711025848e-01	2.168393e+00
8.446303185838809e-01	2.179347e+00
8.576958985908051e-01	2.190459e+00
8.709635899559902e-01	2.201729e+00
8.844365191385077e-01	2.213161e+00
8.981178609606011e-01	2.224758e+00
9.120108393558148e-01	2.236521e+00
9.261187281286971e-01	2.248454e+00
9.404448517262538e-01	2.260558e+00
9.549925860213364e-01	2.272836e+00
9.697653591081482e-01	2.285291e+00
9.847666521100554e-01	2.297926e+00
1.000000000000000e+00	2.310743e+00
