16:10:48.513 -> off_100ms,on_200ms,on_150ms,on_100ms,on_50ms,on_20ms,on_10ms
16:10:49.122 -> 11,599,454,307,159,67,41
16:10:49.778 -> 11,599,453,305,155,67,35
16:10:50.397 -> 7,599,452,305,157,67,35
16:10:51.007 -> 11,599,453,305,155,67,36
16:10:51.663 -> 10,599,454,306,156,66,36
16:10:52.273 -> 9,599,453,304,157,67,36
16:10:52.929 -> 6,599,453,306,158,67,36
16:10:53.569 -> 7,599,453,307,157,65,37
16:10:54.179 -> 6,600,454,305,157,67,36
16:10:54.835 -> 10,599,453,306,155,66,35
16:10:55.444 -> 6,599,454,306,157,64,35
16:10:56.101 -> 7,599,453,306,157,66,36
16:10:56.719 -> 9,599,453,306,157,66,37
16:10:57.329 -> 10,600,453,306,157,66,37
16:10:57.984 -> 10,599,453,306,155,65,37
16:10:58.609 -> 7,599,453,307,157,63,36
16:10:59.257 -> 9,599,454,305,157,66,38
16:10:59.856 -> 10,599,453,305,157,68,36
16:11:00.512 -> 11,599,454,306,158,67,35
16:11:01.121 -> 7,599,454,306,157,67,36
16:11:01.777 -> 8,599,453,306,156,66,35
16:11:02.386 -> 10,599,452,306,155,66,38
16:11:03.043 -> 6,599,455,305,156,66,36
16:11:03.651 -> 10,600,452,305,156,66,36
16:11:04.307 -> 9,599,453,305,157,64,34
16:11:04.918 -> 7,599,454,305,155,66,35
16:11:05.574 -> 8,598,454,306,156,63,37
16:11:06.184 -> 7,599,453,306,156,65,37
16:11:06.840 -> 7,600,452,306,157,66,37
16:11:07.449 -> 10,599,454,306,157,65,38
16:11:08.105 -> 10,599,453,304,155,66,37
16:11:08.714 -> 7,600,453,306,157,68,35
16:11:09.370 -> 7,598,453,306,156,66,35
16:11:09.979 -> 9,599,453,305,156,65,35
16:11:10.637 -> 10,600,453,306,156,66,35
16:11:11.246 -> 10,600,454,306,157,64,36
16:11:11.902 -> 7,598,452,305,155,67,36
16:11:12.512 -> 9,599,453,304,157,66,35
16:11:13.121 -> 10,600,453,306,158,66,37
16:11:13.777 -> 7,599,453,306,155,67,37
16:11:14.400 -> 6,600,453,306,156,67,37
16:11:15.010 -> 10,599,453,305,157,67,35
16:11:15.667 -> 8,600,455,305,158,67,35
16:11:16.276 -> 9,599,453,307,157,65,36
16:11:16.932 -> 10,599,453,306,156,67,37
16:11:17.542 -> 7,600,454,305,157,67,34
16:11:18.198 -> 6,599,453,307,157,66,37
16:11:18.807 -> 6,600,453,306,156,65,37
16:11:19.463 -> 9,600,454,305,157,67,37
16:11:20.067 -> 6,598,452,306,158,67,36
16:11:20.723 -> 7,599,454,306,156,67,36
16:11:21.370 -> 6,600,454,306,157,67,37
16:11:21.979 -> 7,598,453,305,157,68,36
16:11:22.588 -> 6,599,453,306,157,65,35
16:11:23.244 -> 10,598,453,306,156,66,37
16:11:23.884 -> 6,599,453,305,155,67,37
16:11:24.493 -> 9,599,454,306,157,66,35
16:11:25.149 -> 7,599,454,305,157,66,35
16:11:25.759 -> 10,599,453,305,156,67,37
16:11:26.415 -> 10,599,453,306,156,65,34
16:11:27.024 -> 7,600,453,306,157,67,35
16:11:27.680 -> 6,599,452,307,157,67,37
16:11:28.289 -> 9,599,453,307,156,66,36
16:11:28.940 -> 8,599,454,305,156,67,38
16:11:29.549 -> 6,599,452,305,157,67,37
16:11:30.205 -> 10,599,454,306,156,66,37
16:11:30.814 -> 7,599,454,306,156,67,34
16:11:31.470 -> 7,598,453,306,156,66,37
16:11:32.079 -> 10,599,454,305,156,67,37
16:11:32.706 -> 7,599,454,306,157,67,37
16:11:33.317 -> 10,599,453,306,157,66,36
16:11:33.956 -> 10,599,453,306,156,66,37
16:11:34.612 -> 9,599,453,307,156,66,36
16:11:35.221 -> 7,600,453,305,155,67,35
16:11:35.878 -> 9,599,453,305,157,67,36
16:11:36.487 -> 8,599,454,306,157,63,37
16:11:37.143 -> 6,599,454,305,157,67,37
16:11:37.752 -> 7,599,453,304,157,65,35
16:11:38.422 -> 6,598,454,307,159,66,36
16:11:39.033 -> 7,599,454,305,157,67,36
16:11:39.642 -> 7,599,452,306,156,66,36
16:11:40.298 -> 9,600,452,306,156,65,35
16:11:40.907 -> 6,600,454,306,156,66,37
16:11:41.563 -> 7,599,453,305,157,65,35
16:11:42.172 -> 7,599,453,306,156,66,38
16:11:42.816 -> 9,600,453,306,157,65,37
16:11:43.426 -> 8,599,454,305,157,67,35
16:11:44.082 -> 10,598,454,306,156,67,37
16:11:44.691 -> 10,600,454,306,157,68,35
16:11:45.347 -> 7,599,454,306,157,67,35
16:11:45.956 -> 7,599,454,306,156,67,37
16:11:46.613 -> 10,600,453,306,155,63,37
16:11:47.222 -> 6,600,454,306,157,67,35
16:11:47.878 -> 7,598,454,305,156,65,36
16:11:48.487 -> 10,599,453,306,157,66,36
16:11:49.143 -> 10,599,454,306,156,67,35
16:11:49.752 -> 6,600,453,305,155,67,34
16:11:50.408 -> 6,599,454,305,156,66,36
16:11:51.018 -> 7,599,453,306,155,65,37
16:11:51.626 -> 10,598,453,305,157,67,37
16:11:52.283 -> 6,599,453,306,155,67,35
16:11:52.892 -> 9,600,453,306,156,67,36
16:11:53.542 -> 7,599,453,305,156,65,36
16:11:54.152 -> 7,599,454,306,157,66,35
16:11:54.808 -> 8,600,453,306,156,67,35
16:11:55.417 -> 6,599,453,306,157,66,37
16:11:56.073 -> 6,600,453,306,156,67,36
16:11:56.682 -> 10,600,453,304,157,66,37
16:11:57.338 -> 8,599,454,305,156,66,34
16:11:57.948 -> 7,600,453,306,157,67,36
16:11:58.604 -> 7,598,453,306,156,67,36
16:11:59.213 -> 6,599,453,306,157,65,35
16:11:59.870 -> 10,599,453,305,157,66,37
16:12:00.479 -> 8,599,453,306,157,65,38
16:12:01.135 -> 7,599,454,306,155,67,36
16:12:01.745 -> 10,601,454,305,157,67,36
16:12:02.401 -> 10,598,454,305,158,63,36
16:12:03.010 -> 9,598,455,306,157,67,37
16:12:03.661 -> 8,599,454,305,157,66,36
16:12:04.270 -> 10,599,452,305,157,67,37
16:12:04.927 -> 9,600,453,305,157,66,37
16:12:05.536 -> 7,599,454,306,156,66,37
16:12:06.192 -> 10,599,453,305,157,67,37
16:12:06.801 -> 7,599,453,305,157,65,36
16:12:07.457 -> 10,599,453,306,157,66,37
16:12:08.066 -> 10,599,454,305,156,66,37
16:12:08.723 -> 7,599,453,305,157,66,35
16:12:09.332 -> 6,600,454,305,155,65,37
16:12:09.988 -> 7,600,453,306,157,66,37
16:12:10.597 -> 10,600,452,307,156,66,37
16:12:11.253 -> 7,599,453,306,157,66,36
16:12:11.862 -> 6,600,453,304,156,67,35
16:12:12.519 -> 10,600,453,305,157,64,37
16:12:13.128 -> 9,599,453,304,157,65,35
16:12:13.784 -> 8,600,454,304,157,66,35
16:12:14.393 -> 6,598,454,306,157,67,37
16:12:15.049 -> 6,599,454,306,157,65,35
16:12:15.658 -> 10,600,453,304,157,67,37
16:12:16.267 -> 7,598,455,306,157,68,35
16:12:16.924 -> 9,599,452,305,156,67,37
16:12:17.535 -> 10,600,453,306,157,67,35
16:12:18.191 -> 9,600,453,306,157,65,35
16:12:18.800 -> 10,599,453,306,157,66,35
16:12:19.456 -> 8,599,453,305,157,66,36
16:12:20.065 -> 8,598,454,306,156,65,35
16:12:20.721 -> 6,599,454,306,156,67,37
16:12:21.330 -> 8,599,454,305,157,67,37
16:12:21.986 -> 10,598,453,306,156,66,37
16:12:22.596 -> 7,600,454,305,157,67,35
16:12:23.245 -> 7,598,453,306,157,67,36
16:12:23.855 -> 8,598,453,306,157,66,35
16:12:24.511 -> 8,598,452,305,157,66,38
16:12:25.120 -> 7,599,453,304,157,67,36
16:12:25.776 -> 7,599,452,306,156,66,35
16:12:26.385 -> 10,598,453,306,157,67,36
16:12:27.041 -> 6,600,454,305,156,67,37
16:12:27.651 -> 6,598,453,305,157,65,36
16:12:28.260 -> 6,599,453,305,156,66,37
16:12:28.916 -> 10,600,453,306,156,66,35
16:12:29.525 -> 6,599,454,305,157,68,34
16:12:30.181 -> 6,600,453,306,156,66,37
16:12:30.791 -> 10,599,454,305,157,65,36
16:12:31.447 -> 6,599,453,306,158,63,36
16:12:32.056 -> 8,599,453,306,158,67,36
16:12:32.712 -> 7,599,453,305,156,68,36
16:12:33.321 -> 8,599,453,306,157,66,37
16:12:33.976 -> 7,600,453,305,156,66,36
16:12:34.585 -> 9,599,454,305,158,67,37
16:12:35.240 -> 6,600,454,305,157,66,37
16:12:35.850 -> 10,600,454,305,156,67,35
16:12:36.506 -> 9,600,453,306,156,66,35
16:12:37.116 -> 6,600,453,305,156,67,37
16:12:37.772 -> 6,599,454,305,156,65,37
16:12:38.380 -> 8,599,454,305,157,66,38
16:12:38.990 -> 9,599,454,306,157,66,35
16:12:39.647 -> 7,599,453,306,157,68,36
16:12:40.257 -> 7,599,453,307,156,66,38
16:12:40.911 -> 7,600,454,305,155,65,35
16:12:41.520 -> 7,599,454,305,156,66,36
16:12:42.176 -> 6,600,453,306,156,67,37
16:12:42.785 -> 10,599,453,306,156,67,37
16:12:43.442 -> 8,599,453,306,157,66,34
16:12:44.050 -> 6,599,454,305,157,67,37
16:12:44.691 -> 10,599,453,305,155,67,37
16:12:45.347 -> 9,601,454,306,155,66,35
16:12:45.957 -> 6,600,454,304,157,67,35
16:12:46.613 -> 7,600,453,305,157,66,36
16:12:47.222 -> 10,599,453,306,155,67,35
16:12:47.831 -> 8,600,453,306,157,66,37
16:12:48.488 -> 8,600,453,305,157,67,37
16:12:49.112 -> 9,599,453,307,156,67,35
16:12:49.768 -> 6,599,453,306,157,66,35
16:12:50.377 -> 10,600,453,306,156,63,37
16:12:51.034 -> 7,600,454,305,157,67,35
16:12:51.643 -> 9,599,453,306,156,65,37
16:12:52.299 -> 6,599,454,306,157,65,35
16:12:52.908 -> 10,599,453,306,158,65,35
16:12:53.511 -> 6,598,453,305,155,67,36
16:12:54.168 -> 10,600,454,306,156,67,37
16:12:54.777 -> 10,599,454,307,156,66,35
16:12:55.433 -> 6,600,453,307,157,66,35
16:12:56.068 -> 10,599,453,305,156,66,36
16:12:56.678 -> 10,600,452,306,158,66,35
16:12:57.334 -> 8,600,453,306,157,67,35
16:12:57.943 -> 8,599,454,305,157,65,36
16:12:58.599 -> 10,600,453,304,156,66,35
16:12:59.210 -> 10,600,454,305,157,67,34
16:12:59.866 -> 6,600,453,306,156,63,36
16:13:00.475 -> 6,600,453,306,155,65,35
16:13:01.119 -> 7,599,453,305,157,67,37
16:13:01.729 -> 7,599,453,306,158,68,37
16:13:02.385 -> 6,599,453,306,157,65,38
16:13:02.994 -> 9,600,454,306,157,66,36
16:13:03.650 -> 8,599,453,305,157,66,35
16:13:04.260 -> 6,600,454,306,157,65,36
16:13:04.917 -> 6,599,453,305,157,66,37
16:13:05.527 -> 6,600,453,306,156,66,38
16:13:06.183 -> 8,599,453,306,156,67,35
16:13:06.792 -> 8,600,453,306,157,65,38
16:13:07.448 -> 10,599,453,305,156,66,35
16:13:08.058 -> 6,600,454,305,156,67,36
16:13:08.667 -> 10,600,453,306,156,67,35
16:13:09.323 -> 10,599,453,305,155,67,35
16:13:09.932 -> 11,600,453,305,156,67,37
16:13:10.588 -> 9,601,454,306,157,67,35
16:13:11.197 -> 6,600,453,307,156,66,38
16:13:11.854 -> 7,600,453,305,157,67,36
16:13:12.463 -> 10,600,454,305,155,66,35
16:13:13.118 -> 7,600,453,305,157,67,33
16:13:13.728 -> 6,600,455,307,157,66,37
16:13:14.384 -> 6,600,454,307,157,66,36
16:13:14.993 -> 7,600,454,306,156,66,35
16:13:15.650 -> 7,599,455,307,156,67,35
16:13:16.259 -> 7,600,454,306,156,66,35
16:13:16.915 -> 9,600,453,306,157,66,37
16:13:17.526 -> 8,601,453,307,156,65,36
16:13:18.182 -> 10,600,454,306,156,65,37
16:13:18.790 -> 6,600,454,305,156,67,38
16:13:19.447 -> 10,601,453,307,157,67,35
16:13:20.056 -> 10,599,454,306,156,67,36
16:13:20.712 -> 8,600,453,306,155,66,35
16:13:21.321 -> 7,600,454,305,157,65,37
16:13:21.977 -> 7,600,455,307,157,66,35
16:13:22.587 -> 10,600,453,305,157,67,37
16:13:23.241 -> 6,600,454,306,157,67,35
16:13:23.851 -> 6,600,455,307,157,66,35
16:13:24.507 -> 10,601,453,306,157,65,36
16:13:25.116 -> 6,600,455,306,157,65,36
16:13:25.725 -> 6,600,454,305,155,67,36
16:13:26.381 -> 8,600,454,306,156,66,37
16:13:26.990 -> 8,601,454,306,158,67,36
16:13:27.647 -> 9,601,454,305,155,67,36
16:13:28.255 -> 8,600,454,305,159,65,37
16:13:28.912 -> 6,600,453,306,157,65,36
16:13:29.522 -> 6,600,454,306,156,66,35
16:13:30.178 -> 7,601,453,306,157,66,36
16:13:30.787 -> 10,600,454,306,157,67,34
16:13:31.443 -> 7,600,455,306,156,65,35
16:13:32.053 -> 6,601,454,305,156,66,38
16:13:32.710 -> 6,600,455,306,157,66,37
16:13:33.331 -> 6,601,455,307,158,65,37
16:13:33.940 -> 10,600,454,307,158,66,37
16:13:34.597 -> 6,602,454,307,156,67,35
16:13:35.206 -> 8,601,454,306,158,65,38
16:13:35.824 -> 10,602,454,306,157,67,36
16:13:36.480 -> 10,601,455,306,157,67,35
16:13:37.090 -> 8,602,455,307,156,67,37
16:13:37.746 -> 8,601,455,307,157,67,36
16:13:38.367 -> 8,601,455,307,158,66,36
16:13:39.023 -> 8,602,454,306,157,67,37
16:13:39.632 -> 6,601,454,306,158,67,37
16:13:40.288 -> 6,601,455,306,157,66,35
16:13:40.877 -> 10,600,455,305,155,66,37
16:13:41.533 -> 8,601,455,307,158,67,37
16:13:42.144 -> 7,602,456,307,158,67,37
16:13:42.800 -> 10,601,454,307,158,67,36
16:13:43.410 -> 6,601,453,306,158,65,36
16:13:44.066 -> 10,601,455,307,157,67,37
16:13:44.675 -> 6,601,454,305,157,67,37
16:13:45.331 -> 10,601,456,306,158,66,37
16:13:45.941 -> 7,601,454,306,157,66,37
16:13:46.598 -> 6,601,456,306,156,66,36
16:13:47.207 -> 10,601,455,306,157,68,36
16:13:47.863 -> 6,601,455,306,158,67,36
16:13:48.472 -> 8,602,454,306,157,64,36
16:13:49.128 -> 10,601,455,307,156,67,37
16:13:49.737 -> 6,602,456,307,157,65,37
16:13:50.393 -> 6,602,454,307,158,67,36
16:13:51.003 -> 7,601,455,306,158,67,36
16:13:51.659 -> 10,602,454,308,157,68,36
16:13:52.285 -> 7,602,455,308,157,67,35
16:13:52.894 -> 10,601,455,307,157,65,35
16:13:53.518 -> 10,601,455,307,157,67,35
16:13:54.174 -> 11,601,455,307,156,67,35
16:13:54.783 -> 8,602,455,306,158,67,36
16:13:55.440 -> 8,601,455,307,156,66,35
16:13:56.049 -> 7,602,455,306,157,66,36
16:13:56.658 -> 6,601,455,307,157,67,36
16:13:57.314 -> 9,602,456,307,157,65,37
16:13:57.917 -> 9,602,455,307,157,66,36
16:13:58.573 -> 10,602,455,307,157,65,36
16:13:59.218 -> 6,601,455,307,157,67,35
16:13:59.827 -> 6,602,455,307,158,66,36
16:14:00.483 -> 10,602,455,307,157,65,35
16:14:01.092 -> 6,601,456,307,157,68,34
16:14:01.748 -> 8,603,455,306,157,66,35
16:14:02.358 -> 7,602,457,307,157,67,38
16:14:02.969 -> 10,603,455,307,157,66,36
16:14:03.625 -> 9,602,455,307,157,67,36
16:14:04.234 -> 10,602,456,307,157,67,37
16:14:04.891 -> 7,602,455,308,155,63,36
16:14:05.525 -> 7,601,455,307,158,66,36
16:14:06.181 -> 10,601,456,308,157,68,38
16:14:06.790 -> 6,603,456,307,157,68,35
16:14:07.399 -> 6,604,456,307,157,67,37
16:14:08.055 -> 7,602,456,308,157,65,36
16:14:08.665 -> 6,602,455,307,157,66,35
16:14:09.321 -> 7,602,456,308,157,67,36
16:14:09.930 -> 10,602,455,307,157,68,35
16:14:10.587 -> 8,602,456,308,157,67,33
16:14:11.196 -> 9,603,457,307,156,68,38
16:14:11.852 -> 10,602,456,307,158,67,37
16:14:12.462 -> 9,603,456,307,158,66,36
16:14:13.119 -> 7,602,456,308,157,66,36
16:14:13.727 -> 6,603,456,307,157,68,35
16:14:14.384 -> 10,602,455,307,158,67,37
16:14:14.993 -> 10,603,457,308,157,66,36
16:14:15.602 -> 8,602,456,308,157,67,34
16:14:16.258 -> 7,603,455,307,157,66,37
16:14:16.886 -> 6,603,457,308,158,67,37
16:14:17.519 -> 7,602,456,308,157,66,36
16:14:18.151 -> 10,603,456,307,157,67,37
16:14:18.807 -> 8,603,456,307,157,66,36
16:14:19.416 -> 9,603,456,308,158,67,36
16:14:20.072 -> 7,602,456,306,158,67,35
16:14:20.682 -> 6,603,456,307,157,67,36
16:14:21.338 -> 7,603,456,307,158,65,37
16:14:21.947 -> 7,602,457,308,157,67,36
16:14:22.606 -> 6,603,455,308,157,67,36
16:14:23.217 -> 7,602,457,307,157,66,37
16:14:23.827 -> 9,604,456,308,157,67,36
16:14:24.483 -> 10,603,455,308,158,67,36
16:14:25.092 -> 8,602,456,308,156,66,35
16:14:25.748 -> 6,604,457,307,157,66,37
16:14:26.357 -> 7,603,457,307,158,67,37
16:14:27.013 -> 10,604,456,308,158,67,35
16:14:27.623 -> 6,603,457,308,157,66,35
16:14:28.279 -> 7,603,457,309,158,65,38
16:14:28.888 -> 8,603,456,308,157,66,37
16:14:29.544 -> 6,604,456,308,157,65,37
16:14:30.153 -> 6,604,457,308,157,65,37
16:14:30.762 -> 10,604,456,308,157,68,35
16:14:31.418 -> 10,604,457,308,157,66,37
16:14:32.028 -> 10,605,457,309,158,66,35
16:14:32.684 -> 10,604,457,307,158,67,35
16:14:33.292 -> 8,604,458,308,158,67,35
16:14:33.940 -> 10,604,456,309,157,67,35
16:14:34.596 -> 10,603,456,308,157,67,35
16:14:35.205 -> 10,604,457,309,156,65,35
16:14:35.814 -> 10,604,456,307,157,68,38
16:14:36.470 -> 7,604,456,308,159,66,34
16:14:37.080 -> 6,603,457,308,157,68,35
16:14:37.736 -> 6,605,457,308,159,67,36
16:14:38.345 -> 6,604,456,307,157,67,36
16:14:39.001 -> 6,605,457,308,158,68,37
16:14:39.610 -> 6,605,457,307,157,68,36
16:14:40.266 -> 7,605,458,307,158,67,37
16:14:40.876 -> 8,604,456,308,157,66,35
16:14:41.532 -> 9,605,458,308,158,66,38
16:14:42.176 -> 7,605,457,308,158,67,36
16:14:42.785 -> 8,604,456,309,157,67,35
16:14:43.394 -> 6,604,456,308,158,68,37
16:14:44.050 -> 10,604,457,307,158,67,36
16:14:44.660 -> 6,605,456,308,157,67,34
16:14:45.316 -> 8,604,457,308,158,67,38
16:14:45.925 -> 10,604,457,309,159,67,36
16:14:46.581 -> 10,605,457,309,158,66,36
16:14:47.186 -> 10,604,457,308,158,67,35
16:14:47.810 -> 7,605,457,308,157,67,38
16:14:48.467 -> 9,604,456,307,157,67,36
16:14:49.076 -> 10,605,458,308,157,67,37
16:14:49.732 -> 10,604,457,308,158,66,35
16:14:50.343 -> 10,604,458,308,158,67,36
16:14:50.999 -> 9,605,457,309,158,67,37
16:14:51.608 -> 9,604,458,309,157,65,36
16:14:52.252 -> 10,605,457,309,157,68,37
16:14:52.876 -> 9,604,457,309,158,65,38
16:14:53.533 -> 10,605,457,307,158,66,36
16:14:54.142 -> 6,604,457,308,157,68,36
16:14:54.798 -> 7,605,457,307,158,67,38
16:14:55.409 -> 10,605,458,308,158,67,38
16:14:56.065 -> 6,605,458,309,158,67,37
16:14:56.674 -> 6,605,458,308,157,67,37
16:14:57.312 -> 9,605,459,308,157,67,38
16:14:57.931 -> 6,606,458,308,157,67,36
16:14:58.587 -> 6,605,457,309,158,66,36
16:14:59.196 -> 10,605,458,308,157,66,37
16:14:59.852 -> 7,605,458,308,158,66,37
16:15:00.462 -> 10,605,458,309,159,67,36
16:15:01.071 -> 10,606,458,308,158,67,35
16:15:01.727 -> 10,605,457,309,158,65,36
16:15:02.336 -> 10,606,457,309,157,68,35
16:15:02.970 -> 10,605,458,308,157,66,37
16:15:03.627 -> 10,605,458,310,159,67,35
16:15:04.237 -> 9,606,459,308,158,68,37
16:15:04.881 -> 7,606,458,309,156,67,37
16:15:05.524 -> 10,606,459,308,158,66,38
16:15:06.134 -> 6,606,458,308,157,67,35
16:15:06.790 -> 7,605,458,308,159,67,35
16:15:07.400 -> 7,606,458,308,157,65,38
16:15:08.056 -> 8,605,458,309,158,66,37
16:15:08.665 -> 6,606,458,310,158,67,37
16:15:09.321 -> 6,604,459,309,158,66,37
16:15:09.930 -> 7,606,458,309,159,66,36
16:15:10.586 -> 10,605,457,309,157,66,37
16:15:11.196 -> 10,606,459,308,158,68,36
16:15:11.852 -> 10,606,457,309,158,67,35
16:15:12.461 -> 9,606,459,309,157,67,35
16:15:13.117 -> 9,605,458,308,158,68,35
16:15:13.726 -> 9,605,458,309,158,66,35
16:15:14.338 -> 6,606,458,309,158,67,37
16:15:14.994 -> 7,606,457,309,159,66,35
16:15:15.602 -> 9,606,457,309,158,66,37
16:15:16.258 -> 10,607,458,309,158,67,38
16:15:16.868 -> 6,606,458,309,157,68,35
16:15:17.520 -> 6,606,459,310,158,67,35
16:15:18.129 -> 8,606,458,310,158,66,37
16:15:18.785 -> 10,607,457,309,158,67,35
16:15:19.394 -> 8,605,458,308,158,67,36
16:15:20.018 -> 9,605,458,310,158,67,37
16:15:20.674 -> 10,606,458,310,159,67,36
16:15:21.284 -> 11,606,459,309,157,66,35
16:15:21.940 -> 6,606,458,310,157,68,38
16:15:22.549 -> 6,607,459,309,159,66,35
16:15:23.206 -> 9,606,459,310,157,68,36
16:15:23.816 -> 6,606,460,309,159,66,35
16:15:24.471 -> 9,607,459,308,159,66,37
16:15:25.089 -> 9,606,459,310,159,67,37
16:15:25.745 -> 7,606,459,309,158,67,36
16:15:26.355 -> 7,607,458,309,158,68,37
16:15:27.011 -> 6,607,459,309,158,68,37
16:15:27.620 -> 6,607,458,309,158,66,37
16:15:28.265 -> 7,606,458,309,159,69,37
16:15:28.874 -> 10,606,459,308,158,68,37
16:15:29.529 -> 9,606,458,310,158,66,35
16:15:30.138 -> 8,608,459,309,158,68,35
16:15:30.757 -> 7,606,459,309,158,67,37
16:15:31.413 -> 7,607,459,310,158,66,38
16:15:32.023 -> 10,606,459,309,157,67,37
16:15:32.680 -> 10,606,459,310,159,67,36
16:15:33.289 -> 6,606,459,308,158,67,35
16:15:33.934 -> 8,606,458,309,158,67,37
16:15:34.544 -> 9,607,459,308,159,66,37
16:15:35.199 -> 7,607,460,310,158,66,36
16:15:35.803 -> 7,606,459,310,157,67,36
16:15:36.461 -> 7,606,459,310,159,66,37
16:15:37.070 -> 8,607,460,310,159,68,36
16:15:37.724 -> 9,608,459,309,158,67,37
16:15:38.335 -> 6,607,459,309,158,67,37
16:15:38.991 -> 10,608,461,308,158,67,37
16:15:39.600 -> 10,608,459,310,158,68,36
16:15:40.257 -> 9,607,459,310,159,66,36
16:15:40.866 -> 9,608,459,310,158,68,35
16:15:41.522 -> 6,607,460,309,159,67,38
16:15:42.132 -> 10,608,459,310,159,67,37
16:15:42.788 -> 6,608,459,310,159,68,34
16:15:43.398 -> 6,607,459,311,159,68,37
16:15:44.054 -> 10,608,460,309,158,67,35
16:15:44.656 -> 6,607,459,310,157,66,37
16:15:45.312 -> 8,608,460,310,159,67,37
16:15:45.921 -> 7,608,459,310,159,67,37
16:15:46.579 -> 10,608,461,310,159,67,37
16:15:47.176 -> 8,608,460,309,158,67,35
16:15:47.831 -> 10,608,460,309,158,69,36
16:15:48.440 -> 7,608,460,310,159,66,35
16:15:49.097 -> 9,607,461,309,158,67,37
16:15:49.705 -> 9,608,460,309,158,67,35
16:15:50.361 -> 7,608,460,310,159,66,37
16:15:50.970 -> 6,607,461,309,158,67,37
16:15:51.620 -> 10,607,458,310,159,67,38
16:15:52.229 -> 8,608,460,309,158,67,35
16:15:52.885 -> 10,608,459,310,159,68,37
16:15:53.494 -> 10,607,460,309,160,66,34
16:15:54.141 -> 6,608,460,309,158,68,36
16:15:54.750 -> 6,608,459,309,158,67,38
16:15:55.420 -> 6,608,460,310,158,67,36
16:15:56.021 -> 10,607,460,310,159,68,35
16:15:56.677 -> 6,608,460,310,158,67,34
16:15:57.286 -> 6,607,461,310,159,66,36
16:15:57.953 -> 6,608,459,310,159,67,37
16:15:58.562 -> 7,607,460,311,158,67,35
16:15:59.171 -> 9,608,460,309,159,68,37
16:15:59.827 -> 9,607,459,311,159,66,35
16:16:00.437 -> 8,608,460,310,158,67,37
16:16:01.093 -> 9,609,461,309,159,68,36
16:16:01.703 -> 9,608,459,309,159,66,37
16:16:02.359 -> 7,607,460,309,159,67,38
16:16:02.970 -> 6,608,460,309,159,67,37
16:16:03.626 -> 7,608,460,310,159,66,37
16:16:04.235 -> 6,608,461,310,158,67,37
16:16:04.891 -> 8,609,460,310,159,67,35
16:16:05.501 -> 9,608,460,309,159,68,37
16:16:06.157 -> 6,608,460,311,158,67,36
16:16:06.766 -> 8,609,460,310,159,66,37
16:16:07.413 -> 9,608,460,309,159,66,37
16:16:08.022 -> 6,608,460,310,159,66,37
16:16:08.678 -> 8,609,461,309,158,67,37
16:16:09.288 -> 9,608,461,309,159,69,38
16:16:09.912 -> 7,609,461,311,158,67,38
16:16:10.570 -> 8,608,460,311,158,69,36
16:16:11.179 -> 10,609,461,311,159,67,38
16:16:11.788 -> 6,608,460,310,158,67,37
16:16:12.444 -> 10,608,460,310,159,67,36
16:16:13.054 -> 10,608,460,309,159,67,34
16:16:13.709 -> 9,608,461,310,159,67,37
16:16:14.319 -> 6,609,460,311,159,67,38
16:16:14.962 -> 9,609,462,311,159,67,37
16:16:15.616 -> 8,608,462,310,158,67,37
16:16:16.227 -> 7,608,460,310,158,69,37
16:16:16.883 -> 10,609,461,311,158,67,37
16:16:17.492 -> 10,609,461,311,159,67,35
16:16:18.149 -> 10,609,462,310,159,67,35
16:16:18.758 -> 9,609,461,311,159,68,36
16:16:19.367 -> 9,609,461,311,159,66,35
16:16:20.023 -> 9,608,460,310,159,67,36
16:16:20.630 -> 9,609,461,310,159,67,39
16:16:21.287 -> 10,609,462,311,159,67,37
16:16:21.897 -> 10,610,460,310,159,66,37
16:16:22.553 -> 10,610,461,310,159,68,37
16:16:23.162 -> 6,611,461,310,159,67,34
16:16:23.818 -> 8,609,462,311,159,65,38
16:16:24.428 -> 7,611,461,311,160,66,36
16:16:25.085 -> 9,609,460,311,159,68,37
16:16:25.697 -> 9,609,461,311,158,67,38
16:16:26.354 -> 6,609,462,310,159,67,36
16:16:26.962 -> 9,609,461,309,158,67,36
16:16:27.619 -> 7,609,460,311,159,67,38
16:16:28.228 -> 10,610,461,310,159,67,38
16:16:28.884 -> 7,610,460,311,159,67,37
16:16:29.494 -> 10,610,461,311,159,67,35
16:16:30.150 -> 7,610,460,312,159,67,35
16:16:30.759 -> 6,610,461,310,159,68,38
16:16:31.415 -> 8,609,461,310,159,66,37
16:16:32.024 -> 10,610,461,311,158,67,37
16:16:32.680 -> 7,609,462,311,159,68,37
16:16:33.289 -> 10,609,462,312,159,66,37
16:16:33.946 -> 7,610,462,310,159,68,37
16:16:34.555 -> 7,609,461,310,159,66,36
16:16:35.211 -> 9,609,461,313,159,68,36
16:16:35.820 -> 8,610,460,311,159,66,35
16:16:36.445 -> 10,610,461,311,159,68,37
16:16:37.053 -> 6,611,461,312,159,66,34
16:16:37.700 -> 7,610,462,311,159,68,37
16:16:38.356 -> 6,610,462,311,159,67,37
16:16:38.974 -> 10,610,461,312,158,67,35
16:16:39.584 -> 10,610,462,311,159,68,36
16:16:40.240 -> 8,610,462,310,159,67,36
16:16:40.851 -> 8,611,462,311,158,66,36
16:16:41.507 -> 8,610,461,312,158,68,36
16:16:42.115 -> 10,610,461,311,159,67,38
16:16:42.771 -> 10,611,462,311,159,68,38
16:16:43.380 -> 6,610,463,311,159,67,36
16:16:44.038 -> 10,610,461,311,159,67,36
16:16:44.647 -> 6,610,461,311,159,66,34
16:16:45.256 -> 8,610,463,311,159,67,37
16:16:45.912 -> 8,610,462,311,159,68,37
16:16:46.537 -> 9,610,462,312,159,67,37
16:16:47.191 -> 10,611,461,311,159,67,37
16:16:47.787 -> 6,610,463,311,159,67,36
16:16:48.443 -> 6,611,463,312,161,68,37
16:16:49.053 -> 9,610,462,311,159,67,35
16:16:49.695 -> 10,610,462,311,159,67,38
16:16:50.351 -> 8,611,461,311,159,67,35
16:16:50.960 -> 6,610,462,311,159,68,38
16:16:51.585 -> 6,610,462,311,159,67,37
16:16:52.240 -> 6,610,462,312,159,69,39
16:16:52.850 -> 6,610,461,310,159,67,38
16:16:53.506 -> 9,610,461,311,159,67,35
16:16:54.115 -> 10,610,462,310,160,67,37
16:16:54.771 -> 7,610,462,311,159,67,38
16:16:55.381 -> 6,610,463,311,160,67,38
16:16:56.037 -> 9,611,463,312,159,67,37
16:16:56.645 -> 6,611,462,312,159,68,37
16:16:57.301 -> 6,611,462,311,159,67,36
16:16:57.910 -> 8,611,462,312,159,68,37
16:16:58.566 -> 8,611,463,311,159,67,37
16:16:59.175 -> 9,610,462,311,159,68,37
16:16:59.831 -> 9,611,462,311,159,69,37
16:17:00.440 -> 6,611,462,312,159,66,36
16:17:01.098 -> 9,611,461,312,159,68,35
16:17:01.722 -> 10,611,462,312,159,68,35
16:17:02.331 -> 7,611,462,312,158,67,35
16:17:02.940 -> 7,612,462,311,159,67,38
16:17:03.596 -> 6,611,463,311,159,66,37
16:17:04.244 -> 9,611,463,312,161,67,37
16:17:04.886 -> 6,610,463,312,159,66,37
16:17:05.495 -> 7,612,463,311,159,67,37
16:17:06.151 -> 6,611,463,312,159,68,38
16:17:06.761 -> 6,612,462,310,159,67,36
16:17:07.385 -> 10,611,462,312,159,66,36
16:17:08.028 -> 8,611,463,311,159,67,35
16:17:08.627 -> 6,611,463,313,160,67,35
16:17:09.283 -> 8,612,464,311,159,68,37
16:17:09.893 -> 6,611,463,311,159,68,37
16:17:10.549 -> 7,612,462,312,160,67,36
16:17:11.157 -> 10,612,463,312,160,67,37
16:17:11.813 -> 7,613,463,311,159,68,38
16:17:12.423 -> 7,612,463,312,160,67,36
16:17:13.077 -> 9,612,463,313,159,67,36
16:17:13.687 -> 8,612,463,312,159,68,37
16:17:14.344 -> 6,612,463,311,161,67,38
16:17:14.968 -> 9,611,462,312,159,67,36
16:17:15.577 -> 10,612,462,313,160,68,38
16:17:16.233 -> 7,612,463,311,160,68,36
16:17:16.842 -> 7,612,462,311,160,67,37
16:17:17.498 -> 9,612,463,311,159,68,37
16:17:18.108 -> 9,612,463,311,160,67,37
16:17:18.763 -> 6,613,463,311,159,67,36
16:17:19.373 -> 10,612,462,311,160,66,36
16:17:20.029 -> 6,611,462,312,159,67,37
16:17:20.638 -> 9,613,463,312,159,67,36
16:17:21.294 -> 8,612,463,312,160,68,37
16:17:21.903 -> 9,611,463,311,159,69,38
16:17:22.513 -> 6,613,463,312,159,68,35
16:17:23.182 -> 6,612,464,311,159,66,38
16:17:23.786 -> 7,612,464,311,159,67,37
16:17:24.443 -> 6,611,463,312,159,67,37
16:17:25.053 -> 10,612,464,311,159,67,37
16:17:25.710 -> 7,612,463,311,159,67,37
16:17:26.319 -> 6,613,464,312,161,68,36
16:17:26.975 -> 7,613,464,311,159,68,38
16:17:27.584 -> 9,613,464,313,159,68,35
16:17:28.239 -> 9,615,464,313,159,67,37
16:17:28.844 -> 6,612,462,312,159,68,37
16:17:29.500 -> 10,612,463,312,159,68,37
16:17:30.109 -> 6,613,464,313,159,68,35
16:17:30.765 -> 8,612,463,312,159,67,35
16:17:31.374 -> 6,613,463,312,159,68,36
16:17:32.030 -> 7,612,463,313,159,67,37
16:17:32.639 -> 9,612,463,313,159,67,35
16:17:33.309 -> 10,613,463,313,159,68,37
16:17:33.921 -> 9,613,464,312,159,67,35
16:17:34.530 -> 9,613,463,311,159,67,37
16:17:35.186 -> 8,614,465,313,159,67,37
16:17:35.796 -> 10,612,463,313,160,68,38
16:17:36.452 -> 9,612,464,312,159,67,36
16:17:37.061 -> 9,613,464,313,159,65,37
16:17:37.717 -> 8,613,464,313,159,68,35
16:17:38.326 -> 8,612,463,312,159,66,37
16:17:38.935 -> 10,614,463,313,159,67,37
16:17:39.591 -> 6,613,464,313,160,68,37
16:17:40.201 -> 6,613,464,313,159,68,37
16:17:40.857 -> 6,613,463,311,159,67,37
16:17:41.466 -> 8,613,464,311,160,69,38
16:17:42.109 -> 10,614,464,313,159,68,38
16:17:42.765 -> 10,614,463,311,159,67,37
16:17:43.375 -> 6,613,463,313,159,68,37
16:17:44.030 -> 6,614,464,314,159,67,37
16:17:44.639 -> 7,614,464,312,159,67,36
16:17:45.296 -> 6,613,464,313,159,67,38
16:17:45.905 -> 10,613,464,313,159,69,37
16:17:46.561 -> 6,612,464,311,159,66,37
16:17:47.170 -> 10,614,464,313,162,68,37
16:17:47.778 -> 8,614,464,313,160,67,36
16:17:48.434 -> 10,613,464,311,160,67,37
16:17:49.043 -> 7,613,463,313,159,67,35
16:17:49.700 -> 6,613,464,312,159,68,37
16:17:50.309 -> 10,613,464,313,159,66,35
16:17:50.965 -> 9,614,464,313,159,67,37
16:17:51.575 -> 7,614,463,312,159,69,36
16:17:52.231 -> 6,615,465,313,160,68,38
16:17:52.840 -> 7,614,464,313,159,68,36
16:17:53.509 -> 9,614,463,313,159,68,37
16:17:54.120 -> 10,613,463,313,160,68,37
16:17:54.729 -> 7,613,465,312,159,67,37
16:17:55.385 -> 8,613,464,313,161,68,35
16:17:55.995 -> 7,614,465,314,161,69,37
16:17:56.642 -> 9,613,464,313,160,69,35
16:17:57.251 -> 9,613,463,313,161,67,35
16:17:57.908 -> 10,614,464,313,161,68,37
16:17:58.516 -> 10,614,464,313,161,67,35
16:17:59.173 -> 10,613,465,312,160,67,35
16:17:59.773 -> 6,615,464,313,159,68,36
16:18:00.430 -> 8,613,464,313,160,67,37
16:18:01.039 -> 10,614,464,313,159,67,37
16:18:01.695 -> 6,614,464,313,159,67,38
16:18:02.304 -> 6,614,464,311,162,67,35
16:18:02.960 -> 9,614,465,313,161,69,35
16:18:03.569 -> 6,614,465,313,161,69,35
16:18:04.226 -> 7,616,464,313,159,67,39
16:18:04.835 -> 6,614,465,313,161,66,38
16:18:05.491 -> 7,615,465,314,159,69,36
16:18:06.100 -> 9,614,465,313,159,67,38
16:18:06.756 -> 8,614,466,312,159,69,38
16:18:07.365 -> 10,615,465,314,159,67,37
16:18:08.021 -> 9,614,465,313,160,69,35
16:18:08.631 -> 10,614,465,314,161,69,36
16:18:09.287 -> 7,614,465,314,161,67,35
16:18:09.896 -> 7,615,465,314,159,69,38
16:18:10.553 -> 6,614,464,313,159,68,37
16:18:11.162 -> 6,615,466,313,159,67,38
16:18:11.818 -> 7,615,465,313,161,68,36
16:18:12.427 -> 10,614,464,313,160,67,38
16:18:13.083 -> 9,614,464,313,159,68,36
16:18:13.692 -> 10,615,465,313,161,69,35
16:18:14.301 -> 7,614,464,314,159,68,35
16:18:14.959 -> 10,615,466,312,159,69,38
16:18:15.569 -> 8,614,465,313,159,69,37
16:18:16.225 -> 6,615,465,312,161,67,36
16:18:16.834 -> 8,614,464,314,161,69,37
16:18:17.500 -> 7,616,465,314,159,68,37
16:18:18.110 -> 6,614,465,313,162,68,37
16:18:18.719 -> 7,615,465,314,160,68,37
16:18:19.375 -> 10,615,465,312,159,69,36
16:18:19.998 -> 6,614,465,314,161,67,37
16:18:20.608 -> 10,615,464,312,160,67,38
16:18:21.264 -> 9,615,465,314,159,67,36
16:18:21.874 -> 6,615,465,314,160,68,36
16:18:22.530 -> 7,615,466,313,160,67,37
16:18:23.139 -> 6,615,465,315,159,68,36
16:18:23.795 -> 7,615,466,313,160,67,38
16:18:24.404 -> 10,615,464,314,159,68,38
16:18:25.058 -> 10,615,465,313,161,67,37
16:18:25.668 -> 7,616,465,313,160,67,38
16:18:26.324 -> 7,615,465,313,161,68,38
16:18:26.935 -> 6,615,465,314,159,67,38
16:18:27.591 -> 7,616,466,313,160,67,38
16:18:28.200 -> 8,615,465,314,159,68,38
16:18:28.856 -> 10,615,466,314,161,67,38
16:18:29.465 -> 6,616,466,314,159,68,35
16:18:30.121 -> 9,616,466,313,161,68,39
16:18:30.730 -> 10,616,466,314,160,68,37
16:18:31.386 -> 8,616,466,314,161,69,36
16:18:31.996 -> 7,616,466,315,160,67,36
16:18:32.650 -> 6,616,466,313,160,68,38
16:18:33.260 -> 10,615,465,314,162,68,37
16:18:33.915 -> 7,615,466,314,160,68,35
16:18:34.525 -> 9,616,465,315,161,68,37
16:18:35.181 -> 6,615,466,314,161,67,38
16:18:35.790 -> 6,617,465,314,159,67,37
16:18:36.446 -> 7,616,466,313,161,66,39
16:18:37.056 -> 6,616,465,313,161,68,39
16:18:37.712 -> 8,616,465,314,161,69,36
16:18:38.321 -> 9,616,465,314,159,69,35
16:18:38.930 -> 10,616,465,314,161,67,38
16:18:39.586 -> 9,616,465,313,161,68,38
16:18:40.195 -> 8,615,465,314,161,67,38
16:18:40.852 -> 10,616,466,312,160,68,39
16:18:41.461 -> 10,616,466,314,159,68,38
16:18:42.108 -> 6,616,465,314,161,68,36
16:18:42.764 -> 10,615,465,313,161,69,36
16:18:43.388 -> 7,616,466,313,159,69,37
16:18:43.998 -> 8,616,467,313,161,67,38
16:18:44.607 -> 6,616,467,313,160,67,37
16:18:45.263 -> 9,616,465,314,159,68,37
16:18:45.872 -> 8,616,466,313,161,67,38
16:18:46.528 -> 10,616,466,313,160,67,37
16:18:47.137 -> 8,618,466,313,161,70,37
16:18:47.788 -> 10,617,466,315,160,68,38
16:18:48.397 -> 8,616,466,314,160,68,35
16:18:49.053 -> 7,617,466,314,159,66,37
16:18:49.663 -> 10,616,466,314,159,67,36
16:18:50.319 -> 6,617,466,313,159,67,37
16:18:50.928 -> 6,616,465,314,159,68,38
16:18:51.584 -> 10,616,466,314,159,67,39
16:18:52.194 -> 7,617,468,315,159,68,38
16:18:52.817 -> 9,616,466,313,161,69,38
16:18:53.474 -> 7,616,467,315,161,69,37
16:18:54.083 -> 10,616,467,313,159,68,38
16:18:54.739 -> 6,617,466,314,161,67,38
16:18:55.350 -> 8,617,467,314,160,70,38
16:18:56.006 -> 8,617,466,314,161,67,37
16:18:56.615 -> 9,616,466,315,161,68,38
16:18:57.272 -> 6,616,466,314,161,67,38
16:18:57.874 -> 6,617,467,315,162,68,38
16:18:58.531 -> 9,617,467,314,162,69,36
16:18:59.145 -> 8,616,466,315,161,67,37
16:18:59.803 -> 7,617,467,313,161,68,37
16:19:00.412 -> 10,617,466,314,161,68,38
16:19:01.069 -> 8,617,466,313,161,68,35
16:19:01.678 -> 9,617,466,313,161,68,38
16:19:02.334 -> 6,617,467,315,161,69,37
16:19:02.944 -> 9,616,467,315,161,68,38
16:19:03.600 -> 7,618,467,314,161,67,38
16:19:04.209 -> 6,617,467,314,160,68,37
16:19:04.851 -> 7,617,466,314,161,67,38
16:19:05.460 -> 9,617,467,315,160,67,38
16:19:06.117 -> 7,616,466,315,159,69,37
16:19:06.726 -> 6,617,467,314,161,68,37
16:19:07.382 -> 9,616,467,316,161,69,37
16:19:07.991 -> 9,617,468,314,162,70,36
16:19:08.647 -> 7,617,467,314,161,68,37
16:19:09.258 -> 10,618,466,313,161,70,38
16:19:09.914 -> 8,616,467,315,161,68,36
16:19:10.523 -> 7,617,468,314,161,67,38
16:19:11.180 -> 7,618,466,314,161,67,37
16:19:11.789 -> 7,617,467,314,161,67,37
16:19:12.445 -> 10,618,465,314,160,67,37
16:19:13.054 -> 8,617,467,316,162,67,36
16:19:13.663 -> 10,617,467,315,162,67,37
16:19:14.319 -> 6,618,467,315,161,70,37
16:19:14.929 -> 10,617,467,315,161,67,37
16:19:15.585 -> 7,618,466,314,162,69,36
16:19:16.194 -> 7,617,467,315,162,68,37
16:19:16.850 -> 6,616,467,314,161,68,39
16:19:17.474 -> 9,616,467,315,162,68,37
16:19:18.084 -> 9,618,467,316,161,67,37
16:19:18.720 -> 9,618,467,315,160,69,37
16:19:19.344 -> 10,619,467,315,160,68,36
16:19:20.000 -> 7,616,469,315,162,68,35
16:19:20.609 -> 10,618,467,315,159,69,37
16:19:21.265 -> 9,616,467,316,161,70,36
16:19:21.875 -> 10,617,467,315,163,68,37
16:19:22.531 -> 6,618,467,315,162,69,37
16:19:23.153 -> 7,618,466,314,160,67,37
16:19:23.764 -> 8,617,467,315,159,68,37
16:19:24.420 -> 8,618,467,315,159,69,38
16:19:25.021 -> 10,618,468,315,159,68,39
16:19:25.677 -> 8,617,467,315,161,68,36
16:19:26.286 -> 7,617,467,315,161,68,35
16:19:26.944 -> 8,619,468,315,162,68,37
16:19:27.553 -> 7,619,468,314,162,67,38
16:19:28.209 -> 10,617,467,315,161,70,37
16:19:28.818 -> 8,618,467,315,160,67,36
16:19:29.474 -> 9,618,467,315,161,67,37
16:19:30.084 -> 6,618,467,316,161,68,38
16:19:30.731 -> 10,619,468,315,162,68,39
16:19:31.340 -> 10,618,467,315,161,68,38
16:19:31.996 -> 7,618,467,315,162,67,35
16:19:32.597 -> 9,618,468,314,162,68,36
16:19:33.253 -> 6,617,467,315,161,67,37
16:19:33.862 -> 10,618,468,315,161,67,39
16:19:34.519 -> 10,618,468,314,162,68,37
16:19:35.128 -> 9,618,468,314,161,68,37
16:19:35.784 -> 7,618,468,317,161,67,38
16:19:36.393 -> 10,617,468,315,162,67,37
16:19:37.049 -> 10,620,468,315,163,68,37
16:19:37.689 -> 7,618,468,315,161,68,37
16:19:38.298 -> 7,619,468,315,161,69,37
16:19:38.955 -> 8,618,469,315,161,68,38
16:19:39.564 -> 8,618,467,315,160,68,38
16:19:40.233 -> 7,619,469,315,160,69,36
16:19:40.839 -> 9,618,468,315,161,68,38
16:19:41.450 -> 10,618,468,315,160,69,37
16:19:42.106 -> 10,619,469,316,162,68,36
16:19:42.715 -> 10,619,468,315,162,67,36
16:19:43.382 -> 10,619,468,314,162,69,37
16:19:43.991 -> 6,619,467,315,161,68,37
16:19:44.635 -> 10,619,467,316,162,68,38
16:19:45.244 -> 10,619,468,315,161,70,35
16:19:45.900 -> 7,619,468,315,161,68,37
16:19:46.510 -> 7,619,468,316,162,69,37
16:19:47.166 -> 6,618,468,315,162,67,37
16:19:47.791 -> 6,619,469,315,161,69,37
16:19:48.400 -> 10,619,469,316,160,67,37
16:19:49.056 -> 10,618,469,315,162,68,35
16:19:49.665 -> 9,618,468,315,161,69,38
16:19:50.321 -> 8,619,467,316,161,68,35
16:19:50.930 -> 10,620,468,316,163,68,38
16:19:51.587 -> 6,619,470,317,162,67,36
16:19:52.196 -> 10,618,468,316,162,69,37
16:19:52.852 -> 10,619,468,316,161,67,35
16:19:53.471 -> 7,619,468,315,160,69,37
16:19:54.080 -> 8,619,468,317,162,67,37
16:19:54.736 -> 6,620,469,315,162,70,36
16:19:55.345 -> 10,619,469,316,162,69,37
16:19:56.001 -> 8,618,469,316,163,68,37
16:19:56.608 -> 6,618,468,316,161,67,38
16:19:57.219 -> 7,618,468,315,161,68,37
16:19:57.875 -> 9,620,468,316,162,69,38
16:19:58.483 -> 10,620,469,315,161,69,36
16:19:59.140 -> 7,620,469,316,162,67,38
16:19:59.749 -> 7,620,469,315,162,68,37
16:20:00.405 -> 8,619,469,316,163,68,37
16:20:01.011 -> 7,619,470,317,163,68,35
16:20:01.667 -> 9,619,469,316,162,68,37
16:20:02.281 -> 8,619,468,316,162,68,37
16:20:02.916 -> 8,619,469,315,162,68,38
16:20:03.568 -> 6,620,468,315,162,68,38
16:20:04.178 -> 10,619,467,315,162,69,38
16:20:04.835 -> 8,619,469,316,161,68,36
16:20:05.444 -> 10,620,468,316,162,67,37
16:20:06.100 -> 10,620,469,317,162,69,37
16:20:06.710 -> 10,620,469,315,163,67,35
16:20:07.366 -> 9,619,469,316,162,68,38
16:20:07.991 -> 10,619,469,317,159,69,38
16:20:08.635 -> 10,619,469,316,163,68,37
16:20:09.244 -> 9,620,468,315,162,68,35
16:20:09.853 -> 8,620,468,316,163,68,37
16:20:10.509 -> 7,620,469,315,162,69,37
16:20:11.118 -> 10,620,469,317,162,67,39
16:20:11.775 -> 6,619,469,317,162,68,37
16:20:12.384 -> 6,620,470,315,161,68,38
16:20:13.027 -> 7,620,468,316,162,69,37
16:20:13.682 -> 9,620,470,316,162,69,38
16:20:14.292 -> 9,620,469,316,161,70,36
16:20:14.948 -> 7,620,469,317,161,68,38
16:20:15.557 -> 8,620,469,317,161,69,37
16:20:16.213 -> 6,620,469,315,161,68,38
16:20:16.823 -> 10,620,468,316,161,69,37
16:20:17.477 -> 8,620,469,315,161,69,38
16:20:18.087 -> 6,620,470,316,163,67,37
16:20:18.696 -> 9,620,469,317,163,69,37
16:20:19.353 -> 7,619,470,316,163,71,38
16:20:19.962 -> 6,620,469,317,163,67,38
16:20:20.618 -> 10,620,469,316,162,69,38
16:20:21.227 -> 7,621,469,316,162,68,35
16:20:21.883 -> 10,620,469,317,162,69,36
16:20:22.493 -> 7,620,469,316,162,70,38
16:20:23.111 -> 9,621,469,317,163,69,38
16:20:23.767 -> 10,621,469,317,161,69,37
16:20:24.376 -> 10,621,469,316,162,69,36
16:20:25.032 -> 10,621,470,317,162,69,36
16:20:25.641 -> 10,621,469,317,162,67,38
16:20:26.298 -> 8,621,469,316,163,70,37
16:20:26.907 -> 6,621,470,318,161,68,38
16:20:27.563 -> 8,621,470,317,161,67,38
16:20:28.187 -> 7,620,470,317,162,69,39
16:20:28.843 -> 8,620,470,316,162,68,39
16:20:29.451 -> 7,621,469,315,162,69,38
16:20:30.107 -> 9,620,469,315,162,68,37
16:20:30.716 -> 10,621,470,316,161,69,37
16:20:31.372 -> 10,620,469,317,162,69,37
16:20:31.981 -> 8,621,469,316,162,70,37
16:20:32.592 -> 7,621,470,316,162,69,37
16:20:33.216 -> 10,621,470,317,163,69,37
16:20:33.872 -> 9,621,469,316,161,69,36
16:20:34.483 -> 10,622,470,316,162,69,37
16:20:35.139 -> 9,620,470,316,161,69,36
16:20:35.748 -> 6,622,469,317,162,68,38
16:20:36.404 -> 9,621,469,316,161,69,38
16:20:37.014 -> 7,620,470,316,162,69,39
16:20:37.670 -> 9,621,470,317,162,69,37
16:20:38.279 -> 6,620,470,316,162,69,38
16:20:38.935 -> 7,620,469,316,162,69,37
16:20:39.544 -> 6,621,469,316,162,69,37
16:20:40.201 -> 9,621,470,317,161,70,37
16:20:40.811 -> 7,621,469,317,163,68,39
16:20:41.467 -> 10,621,469,316,162,68,37
16:20:42.079 -> 8,622,470,316,162,68,37
16:20:42.735 -> 10,621,470,316,162,68,37
16:20:43.344 -> 7,621,470,316,161,69,35
16:20:44.000 -> 8,621,471,316,162,69,38
16:20:44.611 -> 9,621,469,317,162,69,37
16:20:45.235 -> 7,622,470,316,162,67,38
16:20:45.891 -> 7,621,470,316,162,69,38
16:20:46.490 -> 9,622,470,317,163,69,37
16:20:47.147 -> 10,621,469,316,162,69,37
16:20:47.755 -> 10,621,471,316,161,67,37
16:20:48.411 -> 6,621,470,316,162,67,38
16:20:49.020 -> 10,621,470,318,163,69,37
16:20:49.676 -> 10,622,471,317,162,68,37
16:20:50.286 -> 10,622,470,317,161,68,37
16:20:50.942 -> 10,622,471,317,162,67,38
16:20:51.551 -> 7,621,470,317,161,69,37
16:20:52.207 -> 6,621,471,317,163,69,37
16:20:52.831 -> 10,621,470,317,162,70,37
16:20:53.440 -> 8,621,471,317,162,69,37
16:20:54.096 -> 6,622,471,316,162,69,37
16:20:54.705 -> 8,623,470,317,161,69,38
16:20:55.314 -> 6,621,470,316,162,69,38
16:20:55.971 -> 11,622,471,317,163,69,38
16:20:56.580 -> 7,621,471,317,162,69,38
16:20:57.236 -> 10,622,469,317,163,69,37
16:20:57.877 -> 7,622,470,317,162,68,35
16:20:58.486 -> 10,623,471,317,163,70,37
16:20:59.142 -> 6,623,471,317,163,67,37
16:20:59.752 -> 10,622,470,316,161,70,38
16:21:00.408 -> 10,623,470,316,162,70,35
16:21:01.018 -> 9,622,472,318,161,69,37
16:21:01.674 -> 6,622,470,317,163,69,37
16:21:02.284 -> 10,622,471,317,162,70,37
16:21:02.908 -> 6,622,470,317,162,69,36
16:21:03.563 -> 8,622,471,316,162,69,38
16:21:04.173 -> 8,622,470,318,163,69,37
16:21:04.815 -> 9,622,471,318,161,69,38
16:21:05.451 -> 6,622,471,317,163,69,37
16:21:06.060 -> 8,623,470,317,163,68,37
16:21:06.716 -> 6,623,473,317,162,68,37
16:21:07.324 -> 7,622,472,317,162,68,36
16:21:07.980 -> 6,624,472,317,162,69,37
16:21:08.590 -> 6,622,472,317,163,69,38
16:21:09.246 -> 6,622,470,317,163,68,37
16:21:09.854 -> 8,623,471,317,163,68,37
16:21:10.511 -> 6,622,471,318,163,69,37
16:21:11.120 -> 7,623,470,316,163,68,37
16:21:11.776 -> 8,622,471,317,162,69,37
16:21:12.385 -> 6,623,471,318,161,69,38
16:21:13.010 -> 10,622,471,317,163,69,38
16:21:13.666 -> 7,624,473,318,162,69,37
16:21:14.275 -> 10,623,471,318,163,68,38
16:21:14.931 -> 6,622,470,316,162,69,37
16:21:15.527 -> 7,623,472,316,162,68,38
16:21:16.184 -> 6,622,472,317,163,69,38
16:21:16.793 -> 10,622,471,318,162,69,39
16:21:17.449 -> 6,622,471,318,161,71,37
16:21:18.052 -> 6,623,471,317,163,69,36
16:21:18.710 -> 8,622,472,318,162,68,37
16:21:19.351 -> 10,623,470,317,163,69,37
16:21:19.960 -> 8,622,472,318,163,70,37
16:21:20.584 -> 7,623,471,318,163,69,38
16:21:21.241 -> 7,623,471,317,163,68,35
16:21:21.884 -> 9,623,470,317,162,70,38
16:21:22.493 -> 7,623,471,317,163,70,38
16:21:23.116 -> 9,623,472,317,163,68,38
16:21:23.772 -> 7,622,472,318,162,69,36
16:21:24.387 -> 6,623,471,317,163,68,39
16:21:25.033 -> 6,623,471,318,163,67,39
16:21:25.642 -> 10,623,472,318,162,70,38
16:21:26.298 -> 10,623,470,318,162,68,36
16:21:26.907 -> 9,623,472,317,162,68,37
16:21:27.563 -> 8,623,471,317,162,68,37
16:21:28.172 -> 8,622,470,317,162,69,36
16:21:28.781 -> 8,623,471,317,163,69,37
16:21:29.437 -> 8,623,471,316,163,69,37
16:21:30.046 -> 10,623,472,319,163,68,37
16:21:30.702 -> 10,622,471,317,162,69,38
16:21:31.312 -> 8,624,471,317,163,69,37
16:21:31.967 -> 9,624,472,317,163,69,38
16:21:32.585 -> 10,622,473,317,162,68,37
16:21:33.235 -> 6,623,472,318,162,69,37
16:21:33.845 -> 10,623,472,317,163,70,38
16:21:34.501 -> 10,623,471,318,162,68,38
16:21:35.109 -> 10,624,473,318,161,69,37
16:21:35.750 -> 6,623,471,318,163,69,37
16:21:36.360 -> 10,622,470,318,163,69,38
16:21:37.015 -> 6,622,471,317,163,71,36
16:21:37.625 -> 6,624,474,318,163,69,37
16:21:38.285 -> 10,623,470,317,163,69,37
16:21:38.894 -> 6,623,472,317,163,67,37
16:21:39.550 -> 10,624,471,318,162,69,37
16:21:40.160 -> 6,623,472,318,162,69,38
16:21:40.815 -> 7,624,472,318,162,69,38
16:21:41.425 -> 6,624,471,318,163,68,36
16:21:42.082 -> 10,622,471,318,163,69,38
16:21:42.691 -> 7,624,473,318,162,68,39
16:21:43.348 -> 8,623,472,318,163,68,35
16:21:43.957 -> 7,623,472,319,163,69,39
16:21:44.613 -> 6,624,471,317,163,69,38
16:21:45.222 -> 6,624,472,318,163,68,37
16:21:45.878 -> 10,623,472,318,163,70,38
16:21:46.487 -> 9,623,471,318,163,69,37
16:21:47.144 -> 10,623,471,318,163,69,38
16:21:47.753 -> 10,623,472,318,163,68,38
16:21:48.398 -> 6,624,473,317,162,69,37
16:21:49.007 -> 6,623,472,318,163,69,39
16:21:49.663 -> 10,624,472,317,162,68,37
16:21:50.272 -> 8,624,471,318,163,68,36
16:21:50.929 -> 9,624,472,318,163,67,38
16:21:51.553 -> 7,624,471,317,162,69,39
16:21:52.164 -> 8,623,472,319,164,69,38
16:21:52.819 -> 6,624,471,319,162,67,38
16:21:53.444 -> 7,624,472,319,162,69,38
16:21:54.052 -> 8,624,472,318,162,67,39
16:21:54.709 -> 6,624,471,317,163,69,37
16:21:55.318 -> 10,623,473,318,163,69,38
16:21:55.976 -> 8,625,471,318,162,69,36
16:21:56.585 -> 8,623,472,317,163,70,38
16:21:57.241 -> 9,624,472,318,163,68,38
16:21:57.850 -> 9,625,472,318,162,69,38
16:21:58.506 -> 8,625,472,318,162,69,37
16:21:59.115 -> 7,624,473,319,163,69,37
16:21:59.771 -> 6,625,472,317,162,69,38
16:22:00.367 -> 6,624,473,318,163,71,37
16:22:01.023 -> 7,624,473,319,163,67,38
16:22:01.668 -> 6,625,471,318,163,69,37
16:22:02.277 -> 7,625,471,318,162,69,38
16:22:02.933 -> 9,625,472,319,162,69,39
16:22:03.544 -> 7,625,472,318,161,69,37
16:22:04.154 -> 6,624,471,318,163,69,39
16:22:04.810 -> 10,624,472,319,164,68,39
16:22:05.419 -> 10,624,472,319,163,68,38
16:22:06.075 -> 8,624,473,319,163,69,37
16:22:06.689 -> 10,624,473,318,163,70,37
16:22:07.333 -> 7,624,472,319,163,71,37
16:22:07.957 -> 7,624,472,319,162,70,38
16:22:08.603 -> 6,624,473,319,164,69,38
16:22:09.227 -> 7,626,471,319,162,69,38
16:22:09.838 -> 10,625,472,320,162,69,38
16:22:10.494 -> 7,624,472,318,162,68,38
16:22:11.118 -> 7,624,471,318,163,69,39
16:22:11.775 -> 6,625,473,319,163,67,37
16:22:12.384 -> 10,625,473,319,164,68,38
16:22:13.040 -> 7,624,472,319,163,68,36
16:22:13.648 -> 8,625,473,319,163,69,37
16:22:14.257 -> 6,625,472,318,163,70,37
16:22:14.913 -> 8,625,473,319,164,69,39
16:22:15.523 -> 10,626,472,319,164,69,37
16:22:16.179 -> 6,625,473,319,163,71,36
16:22:16.788 -> 7,624,473,318,162,69,37
16:22:17.444 -> 7,625,472,319,163,69,37
16:22:18.089 -> 6,624,474,319,163,69,36
16:22:18.697 -> 9,626,473,318,163,69,38
16:22:19.354 -> 6,625,473,318,162,69,39
16:22:19.963 -> 6,625,471,318,162,68,39
16:22:20.619 -> 7,624,473,317,162,69,36
16:22:21.228 -> 10,625,473,318,163,69,37
16:22:21.837 -> 10,625,473,319,163,68,35
16:22:22.461 -> 8,625,473,319,163,69,38
16:22:23.118 -> 8,626,472,319,163,70,37
16:22:23.742 -> 9,625,473,318,163,69,37
16:22:24.367 -> 10,625,474,318,163,69,38
16:22:25.023 -> 6,625,472,318,163,69,35
16:22:25.632 -> 8,624,474,319,163,69,39
16:22:26.288 -> 6,624,473,318,163,69,37
16:22:26.897 -> 6,625,474,319,162,69,39
16:22:27.548 -> 7,625,474,318,163,68,37
16:22:28.158 -> 10,625,472,318,163,67,36
16:22:28.813 -> 10,626,473,319,163,68,35
16:22:29.422 -> 10,626,473,319,162,68,39
16:22:30.078 -> 10,626,472,319,163,69,37
16:22:30.687 -> 9,626,473,319,164,70,37
16:22:31.344 -> 6,626,473,317,163,70,37
16:22:31.953 -> 11,625,473,318,164,70,38
16:22:32.609 -> 9,627,473,319,163,69,38
16:22:33.218 -> 8,625,473,319,163,70,37
16:22:33.843 -> 10,626,474,319,163,69,38
16:22:34.452 -> 6,626,473,319,163,69,37
16:22:35.097 -> 10,627,473,318,164,71,39
16:22:35.753 -> 8,626,473,318,163,69,37
16:22:36.362 -> 10,625,472,319,162,69,39
16:22:37.010 -> 7,626,474,319,162,69,37
16:22:37.619 -> 7,626,474,319,163,67,37
16:22:38.275 -> 6,627,474,319,164,69,38
16:22:38.885 -> 7,626,473,319,163,68,37
16:22:39.541 -> 9,626,474,319,162,69,38
16:22:40.151 -> 10,626,474,319,163,70,38
16:22:40.775 -> 8,626,474,319,163,69,38
16:22:41.431 -> 6,626,474,319,163,69,38
16:22:42.038 -> 7,626,473,319,163,69,37
16:22:42.696 -> 7,626,473,319,161,70,37
16:22:43.305 -> 7,626,474,319,164,70,36
16:22:43.956 -> 6,626,473,319,164,70,39
16:22:44.597 -> 10,625,473,319,163,69,37
16:22:45.208 -> 7,627,473,318,163,70,35
16:22:45.864 -> 9,626,474,321,163,69,39
16:22:46.473 -> 6,627,474,319,164,69,37
16:22:47.129 -> 10,626,474,319,164,70,37
16:22:47.738 -> 6,627,474,319,163,68,37
16:22:48.394 -> 10,626,473,319,163,70,38
16:22:48.988 -> 9,626,474,319,163,67,38
16:22:49.644 -> 8,626,475,319,163,69,39
16:22:50.254 -> 6,626,473,319,163,69,38
16:22:50.901 -> 9,628,474,320,163,69,38
16:22:51.557 -> 10,627,474,319,163,70,37
16:22:52.167 -> 8,627,474,319,164,69,37
16:22:52.823 -> 8,627,474,319,163,70,38
16:22:53.432 -> 10,628,474,320,163,70,37
16:22:54.056 -> 9,625,474,319,163,70,35
16:22:54.666 -> 7,626,474,318,163,69,37
16:22:55.322 -> 8,626,474,319,162,69,37
16:22:55.931 -> 7,626,473,319,163,69,39
16:22:56.587 -> 10,626,475,319,164,70,38
16:22:57.196 -> 6,626,474,319,163,68,35
16:22:57.852 -> 9,627,475,322,163,69,39
16:22:58.461 -> 9,628,475,319,162,70,38
16:22:59.117 -> 8,627,475,319,163,69,37
16:22:59.727 -> 9,627,475,319,164,70,38
16:23:00.373 -> 7,628,474,319,163,70,37
16:23:01.014 -> 9,626,474,319,165,68,39
16:23:01.654 -> 7,628,475,319,163,69,37
16:23:02.284 -> 6,626,474,319,163,70,37
16:23:02.893 -> 10,626,474,320,164,69,39
16:23:03.549 -> 8,627,473,320,164,69,38
16:23:04.153 -> 11,627,473,320,162,70,37
16:23:04.811 -> 6,626,474,319,163,70,38
16:23:05.420 -> 7,627,474,319,164,70,38
16:23:06.076 -> 7,629,473,319,163,69,38
16:23:06.686 -> 7,628,475,320,162,70,38
16:23:07.342 -> 8,627,475,319,164,71,37
16:23:07.951 -> 10,626,475,319,164,67,38
16:23:08.560 -> 9,627,474,319,163,69,37
16:23:09.216 -> 6,627,474,319,164,71,37
16:23:09.826 -> 9,628,475,320,163,70,38
16:23:10.482 -> 9,628,475,320,164,70,38
16:23:11.091 -> 10,627,473,321,164,70,38
16:23:11.747 -> 10,628,475,319,163,70,36
16:23:12.358 -> 6,627,474,319,163,69,39
16:23:13.014 -> 10,627,475,320,163,69,39
16:23:13.638 -> 7,627,474,319,163,67,38
16:23:14.262 -> 10,627,474,319,163,69,38
16:23:14.882 -> 10,627,475,319,164,69,38
16:23:15.538 -> 8,627,474,318,163,70,39
16:23:16.147 -> 6,626,474,319,163,68,37
16:23:16.803 -> 8,627,474,319,164,68,37
16:23:17.404 -> 9,627,476,320,165,70,39
16:23:18.060 -> 7,627,474,319,163,69,39
16:23:18.669 -> 10,629,475,319,164,70,36
16:23:19.325 -> 9,628,474,320,164,70,35
16:23:19.934 -> 10,628,475,319,163,70,39
16:23:20.590 -> 7,628,475,320,164,69,38
16:23:21.199 -> 7,627,474,319,163,69,38
16:23:21.843 -> 7,626,475,319,164,71,39
16:23:22.499 -> 9,628,475,319,163,68,38
16:23:23.108 -> 6,628,474,319,162,69,37
16:23:23.764 -> 10,627,475,319,164,71,39
16:23:24.373 -> 7,628,474,318,165,70,39
16:23:24.982 -> 10,627,475,319,163,70,37
16:23:25.638 -> 10,628,475,319,163,70,37
16:23:26.247 -> 6,628,474,321,165,68,37
16:23:26.903 -> 9,627,474,319,163,68,37
16:23:27.513 -> 7,628,476,319,164,70,38
16:23:28.169 -> 6,628,475,320,165,69,36
16:23:28.778 -> 10,628,475,320,163,70,38
16:23:29.402 -> 6,629,475,320,163,69,39
16:23:30.073 -> 7,627,475,321,165,67,39
16:23:30.682 -> 10,627,476,319,165,71,37
16:23:31.338 -> 9,629,475,320,163,70,36
16:23:31.948 -> 10,628,476,319,165,68,37
16:23:32.592 -> 9,628,476,320,164,69,39
16:23:33.201 -> 7,629,476,321,162,68,36
16:23:33.857 -> 8,627,476,320,164,69,38
16:23:34.465 -> 10,629,475,319,163,69,39
16:23:35.121 -> 10,627,474,319,164,69,36
16:23:35.731 -> 10,628,476,321,163,68,37
16:23:36.387 -> 10,627,475,319,163,70,37
16:23:36.996 -> 10,628,475,319,163,70,37
16:23:37.653 -> 7,628,474,319,163,70,38
16:23:38.262 -> 10,628,476,319,164,70,37
16:23:38.918 -> 6,628,475,320,163,68,35
16:23:39.534 -> 10,629,476,321,164,69,38
16:23:40.143 -> 10,628,475,319,163,67,36
16:23:40.799 -> 10,628,476,321,163,67,38
16:23:41.410 -> 7,628,475,321,164,71,38
16:23:42.065 -> 10,629,475,320,164,68,39
16:23:42.675 -> 6,629,477,319,164,69,39
16:23:43.331 -> 8,630,475,320,164,69,37
16:23:43.940 -> 7,628,475,321,164,69,38
16:23:44.589 -> 8,628,476,321,164,70,37
16:23:45.183 -> 11,628,475,321,165,70,39
16:23:45.839 -> 6,628,475,320,164,69,37
16:23:46.478 -> 8,629,475,319,164,68,39
16:23:47.087 -> 10,628,474,319,163,69,38
16:23:47.743 -> 8,629,475,320,163,69,38
16:23:48.352 -> 10,629,476,320,164,70,39
16:23:49.000 -> 10,628,476,319,165,69,38
16:23:49.620 -> 7,628,476,319,163,69,39
16:23:50.276 -> 8,629,477,322,165,69,39
16:23:50.885 -> 9,629,476,319,163,70,39
16:23:51.494 -> 10,628,476,319,164,69,38
16:23:52.142 -> 8,629,475,320,164,68,36
16:23:52.798 -> 10,628,476,319,164,70,39
16:23:53.408 -> 8,627,476,319,165,71,38
16:23:54.063 -> 6,628,476,321,163,69,39
16:23:54.688 -> 8,629,476,320,163,70,38
16:23:55.297 -> 6,628,475,321,162,69,38
16:23:55.953 -> 10,629,476,319,163,70,38
16:23:56.562 -> 10,629,475,319,165,69,37
16:23:57.218 -> 11,628,475,322,166,69,38
16:23:57.827 -> 6,628,474,321,164,69,38
16:23:58.485 -> 7,628,475,320,164,70,37
16:23:59.094 -> 8,629,476,319,163,68,37
16:23:59.757 -> 9,629,477,319,165,69,38
16:24:00.362 -> 9,629,476,319,163,69,37
16:24:01.018 -> 7,628,476,321,164,69,38
16:24:01.627 -> 7,630,475,321,164,70,37
16:24:02.283 -> 7,628,475,322,164,69,39
16:24:02.871 -> 10,629,476,321,163,69,37
16:24:03.527 -> 10,629,475,321,163,70,37
16:24:04.136 -> 8,630,477,319,164,69,37
16:24:04.792 -> 10,628,475,319,164,69,37
16:24:05.399 -> 10,630,476,321,164,68,36
16:24:06.057 -> 8,630,476,321,165,69,37
16:24:06.666 -> 10,629,475,319,165,69,38
16:24:07.322 -> 10,628,475,321,164,68,38
16:24:07.931 -> 7,629,476,319,164,68,36
16:24:08.587 -> 7,629,476,320,164,68,38
16:24:09.196 -> 10,629,476,319,164,70,37
16:24:09.852 -> 6,629,477,319,163,68,38
16:24:10.462 -> 7,629,476,321,164,70,37
16:24:11.118 -> 6,629,475,321,164,70,37
16:24:11.727 -> 10,629,475,321,163,69,37
16:24:12.383 -> 10,629,476,321,164,69,37
16:24:12.994 -> 6,630,476,321,164,70,36
16:24:13.603 -> 10,630,477,321,164,69,37
16:24:14.259 -> 8,629,477,320,165,70,37
16:24:14.868 -> 8,631,477,320,163,70,37
16:24:15.524 -> 10,630,477,321,165,70,37
16:24:16.149 -> 6,630,477,322,164,69,36
16:24:16.805 -> 10,629,477,321,164,70,36
16:24:17.414 -> 8,630,476,321,164,67,37
16:24:18.061 -> 10,630,477,321,164,68,39
16:24:18.669 -> 9,631,477,322,164,70,39
16:24:19.325 -> 7,629,477,321,164,69,39
16:24:19.935 -> 11,629,477,322,164,70,39
16:24:20.591 -> 6,630,476,321,165,69,35
16:24:21.200 -> 6,630,477,322,163,71,39
16:24:21.856 -> 7,630,476,320,164,69,39
16:24:22.465 -> 10,629,476,321,164,70,38
16:24:23.121 -> 10,630,476,320,164,70,36
16:24:23.730 -> 7,631,475,321,164,71,38
16:24:24.339 -> 7,630,477,321,165,69,37
16:24:24.995 -> 10,630,476,319,166,70,39
16:24:25.604 -> 6,630,476,321,163,70,37
16:24:26.260 -> 8,630,475,321,165,69,37
16:24:26.869 -> 10,630,476,321,165,69,37
16:24:27.526 -> 7,630,476,321,164,69,37
16:24:28.135 -> 10,630,478,321,163,69,39
16:24:28.791 -> 6,630,476,320,165,70,39
16:24:29.400 -> 10,629,477,321,165,70,39
16:24:30.051 -> 6,630,477,320,164,69,37
16:24:30.660 -> 10,630,476,320,165,69,38
16:24:31.317 -> 7,630,477,321,165,69,35
16:24:31.927 -> 8,630,476,321,164,68,36
16:24:32.583 -> 8,630,477,321,164,71,39
16:24:33.192 -> 9,630,477,321,163,70,39
16:24:33.848 -> 10,630,476,321,164,69,39
16:24:34.457 -> 10,629,477,322,165,69,38
16:24:35.114 -> 10,630,476,321,164,71,38
16:24:35.723 -> 6,631,477,322,163,69,38
16:24:36.332 -> 6,632,476,322,165,69,39
16:24:36.988 -> 9,630,476,322,165,68,38
16:24:37.597 -> 6,630,476,322,164,69,37
16:24:38.253 -> 7,631,477,321,164,71,38
16:24:38.863 -> 8,632,477,321,165,69,37
16:24:39.519 -> 10,630,478,321,165,69,37
16:24:40.128 -> 10,630,477,321,164,70,38
16:24:40.784 -> 7,631,477,322,165,69,39
16:24:41.395 -> 10,631,477,321,164,70,38
16:24:42.051 -> 10,631,477,320,165,69,37
16:24:42.660 -> 10,631,476,322,163,71,37
16:24:43.316 -> 9,630,475,322,165,67,35
16:24:43.925 -> 7,631,478,321,165,70,39
16:24:44.582 -> 7,631,477,322,165,69,37
16:24:45.179 -> 9,631,478,323,163,71,37
16:24:45.835 -> 6,630,476,322,163,69,38
16:24:46.445 -> 10,630,477,322,165,70,37
16:24:47.101 -> 7,631,477,321,164,70,37
16:24:47.710 -> 6,631,478,321,163,68,38
16:24:48.367 -> 9,630,477,322,165,69,39
16:24:48.975 -> 7,631,476,322,163,70,36
16:24:49.626 -> 6,630,477,319,164,71,38
16:24:50.235 -> 8,631,478,322,165,68,38
16:24:50.891 -> 10,630,479,320,164,69,38
16:24:51.500 -> 10,632,478,321,163,67,38
16:24:52.156 -> 6,631,477,322,163,68,37
16:24:52.765 -> 6,631,478,322,165,69,37
16:24:53.390 -> 9,632,477,321,164,70,39
16:24:54.046 -> 6,630,477,322,164,70,38
16:24:54.655 -> 10,631,477,321,165,70,38
16:24:55.299 -> 6,630,477,322,165,70,37
16:24:55.908 -> 10,631,478,322,164,69,37
16:24:56.564 -> 8,632,478,321,163,71,37
16:24:57.174 -> 7,630,477,321,165,71,40
16:24:57.830 -> 7,632,478,322,166,70,38
16:24:58.439 -> 7,631,477,321,163,69,39
16:24:59.111 -> 6,632,477,321,165,70,39
16:24:59.721 -> 10,631,478,322,165,70,38
16:25:00.378 -> 6,631,477,321,165,68,38
16:25:00.987 -> 8,630,477,322,163,70,38
16:25:01.643 -> 10,630,476,321,165,71,39
16:25:02.239 -> 6,631,476,322,164,70,38
16:25:02.895 -> 6,632,477,322,165,69,37
16:25:03.504 -> 8,632,477,321,165,69,39
16:25:04.159 -> 10,632,479,322,165,71,39
16:25:04.771 -> 10,631,477,322,165,69,38
16:25:05.396 -> 6,632,479,322,164,70,37
16:25:06.052 -> 8,631,478,322,166,71,38
16:25:06.661 -> 9,630,478,321,165,70,39
16:25:07.317 -> 8,632,477,321,165,70,38
16:25:07.927 -> 6,631,477,321,165,69,37
16:25:08.536 -> 10,631,478,322,165,70,37
16:25:09.192 -> 6,631,478,323,165,68,37
16:25:09.801 -> 6,632,478,322,163,70,38
16:25:10.458 -> 8,632,477,322,164,69,38
16:25:11.067 -> 9,632,478,322,165,69,38
16:25:11.723 -> 9,632,477,321,165,71,39
16:25:12.334 -> 7,631,478,322,166,69,38
16:25:12.977 -> 7,632,478,321,164,70,37
16:25:13.633 -> 10,633,479,321,165,70,39
16:25:14.242 -> 8,632,477,322,164,71,38
16:25:14.898 -> 10,632,479,322,164,69,39
16:25:15.507 -> 7,632,478,322,164,70,37
16:25:16.116 -> 7,632,479,323,164,71,39
16:25:16.772 -> 7,632,478,322,164,69,38
16:25:17.382 -> 6,632,478,322,164,70,38
16:25:18.038 -> 7,631,478,322,165,70,38
16:25:18.647 -> 10,632,477,321,165,71,35
16:25:19.319 -> 8,633,478,323,165,70,38
16:25:19.928 -> 7,632,478,321,165,71,37
16:25:20.584 -> 10,632,477,322,165,70,37
16:25:21.193 -> 8,632,479,323,163,69,37
16:25:21.818 -> 7,632,478,323,165,69,38
16:25:22.470 -> 7,632,478,323,164,70,37
16:25:23.079 -> 7,631,478,322,165,71,39
16:25:23.726 -> 10,632,478,322,165,70,39
16:25:24.335 -> 9,632,479,322,167,69,37
16:25:24.991 -> 8,632,477,322,165,71,37
16:25:25.601 -> 8,633,478,323,165,70,38
16:25:26.257 -> 9,632,478,323,165,69,39
16:25:26.866 -> 6,633,479,323,165,70,38
16:25:27.522 -> 6,633,478,322,164,69,39
16:25:28.131 -> 10,632,478,322,164,70,38
16:25:28.788 -> 8,632,478,322,164,70,39
16:25:29.412 -> 10,632,478,322,165,70,39
16:25:30.022 -> 6,633,478,322,166,69,38
16:25:30.678 -> 8,632,479,323,165,70,38
16:25:31.287 -> 10,632,479,323,166,70,38
16:25:31.943 -> 7,632,478,323,165,70,37
16:25:32.541 -> 6,633,478,322,165,69,39
16:25:33.197 -> 10,633,479,323,165,70,39
16:25:33.807 -> 10,632,478,322,164,70,38
16:25:34.441 -> 7,632,479,324,164,69,38
16:25:35.078 -> 10,632,479,322,166,70,37
16:25:35.718 -> 8,632,479,322,165,70,37
16:25:36.328 -> 8,632,479,323,164,70,39
16:25:36.984 -> 8,632,478,322,166,70,39
16:25:37.593 -> 6,632,478,322,165,70,39
16:25:38.249 -> 8,633,478,322,163,69,37
16:25:38.858 -> 7,633,479,322,166,68,37
16:25:39.515 -> 9,632,478,322,165,69,37
16:25:40.124 -> 9,632,478,322,164,71,38
16:25:40.780 -> 7,632,478,323,165,70,39
16:25:41.389 -> 8,633,480,324,165,69,37
16:25:42.045 -> 10,632,479,322,165,70,39
16:25:42.654 -> 7,632,479,323,165,71,38
16:25:43.310 -> 7,633,479,323,165,69,39
16:25:43.920 -> 6,632,479,321,165,71,38
16:25:44.576 -> 6,634,479,323,165,71,37
16:25:45.185 -> 7,632,478,323,164,70,38
16:25:45.794 -> 10,632,479,322,165,70,39
16:25:46.450 -> 10,633,478,323,165,69,37
16:25:47.060 -> 6,635,480,322,165,70,37
16:25:47.716 -> 7,633,479,323,164,70,38
16:25:48.325 -> 10,634,479,323,166,70,38
16:25:48.981 -> 7,633,478,323,165,70,37
16:25:49.590 -> 10,634,479,322,165,72,37
16:25:50.246 -> 9,633,479,323,165,70,38
16:25:50.856 -> 10,633,478,323,165,71,38
16:25:51.512 -> 10,632,479,323,166,71,37
16:25:52.121 -> 8,634,479,323,164,69,36
16:25:52.777 -> 7,633,478,322,166,71,39
16:25:53.385 -> 6,634,480,322,165,69,37
16:25:54.041 -> 10,632,479,323,165,71,37
16:25:54.650 -> 7,633,479,323,165,70,38
16:25:55.306 -> 7,632,479,322,167,69,38
16:25:55.915 -> 10,633,478,323,164,70,37
16:25:56.571 -> 10,633,478,323,165,69,38
16:25:57.180 -> 10,633,479,323,165,68,38
16:25:57.790 -> 7,633,478,322,165,70,37
16:25:58.461 -> 10,634,479,323,165,71,38
16:25:59.070 -> 10,633,480,323,165,70,38
16:25:59.726 -> 8,633,479,323,166,69,37
16:26:00.335 -> 6,633,479,323,165,68,38
16:26:00.991 -> 7,633,479,323,165,70,39
16:26:01.589 -> 10,634,479,324,165,70,38
16:26:02.245 -> 10,633,479,323,165,71,35
16:26:02.854 -> 10,633,479,322,165,71,38
16:26:03.510 -> 7,633,479,322,165,69,36
16:26:04.119 -> 10,634,480,323,165,69,38
16:26:04.775 -> 6,634,479,323,165,70,37
16:26:05.385 -> 10,633,480,324,167,69,37
16:26:06.041 -> 10,634,479,323,165,69,37
16:26:06.650 -> 8,634,478,323,165,68,37
16:26:07.306 -> 7,634,479,323,165,70,38
16:26:07.915 -> 10,634,479,322,165,71,38
16:26:08.572 -> 8,633,479,324,165,70,37
16:26:09.181 -> 8,633,480,322,165,69,39
16:26:09.837 -> 9,634,480,323,165,71,37
16:26:10.446 -> 8,633,480,323,166,71,37
16:26:11.071 -> 10,634,479,323,165,70,37
16:26:11.727 -> 7,633,480,323,165,69,37
16:26:12.337 -> 8,633,479,323,166,70,39
16:26:12.947 -> 7,633,480,322,165,70,39
16:26:13.603 -> 10,633,480,323,165,71,38
16:26:14.212 -> 10,633,480,322,164,70,36
16:26:14.868 -> 8,634,479,323,165,69,39
16:26:15.478 -> 6,633,480,323,165,70,39
16:26:16.135 -> 6,634,478,323,164,70,37
16:26:16.744 -> 9,635,480,322,165,71,39
16:26:17.400 -> 6,635,479,323,167,69,39
16:26:18.009 -> 7,634,478,323,165,70,38
16:26:18.666 -> 9,633,479,323,165,70,38
16:26:19.274 -> 10,633,479,322,165,69,39
16:26:19.930 -> 10,635,480,322,164,71,38
16:26:20.539 -> 10,634,480,322,166,70,35
16:26:21.195 -> 10,634,479,322,165,70,38
16:26:21.804 -> 9,634,479,323,165,69,36
16:26:22.461 -> 8,633,480,323,165,70,37
16:26:23.070 -> 9,633,479,323,165,71,39
16:26:23.694 -> 6,634,479,323,164,70,38
16:26:24.320 -> 9,634,479,323,166,69,39
16:26:24.978 -> 10,633,479,322,165,69,38
16:26:25.587 -> 6,634,480,323,166,71,38
16:26:26.243 -> 10,633,479,324,165,69,38
16:26:26.852 -> 7,633,479,323,165,71,38
16:26:27.508 -> 9,635,479,324,165,71,39
16:26:28.118 -> 6,635,480,323,165,70,38
16:26:28.765 -> 9,635,480,324,166,69,37
16:26:29.374 -> 6,634,479,323,165,71,37
16:26:30.030 -> 6,634,481,323,165,70,39
16:26:30.640 -> 7,635,480,324,166,69,37
16:26:31.296 -> 6,635,480,323,165,69,37
16:26:31.905 -> 10,635,480,324,165,69,38
16:26:32.553 -> 8,636,479,324,166,71,36
16:26:33.163 -> 8,634,480,323,165,71,38
16:26:33.819 -> 10,635,480,324,165,70,37
16:26:34.429 -> 9,635,480,324,166,71,36
16:26:35.085 -> 6,635,480,323,166,69,38
16:26:35.694 -> 6,634,479,324,166,72,39
16:26:36.338 -> 9,635,480,323,165,70,39
16:26:36.947 -> 7,634,480,323,166,70,39
16:26:37.603 -> 7,634,480,325,166,71,37
16:26:38.225 -> 9,634,479,323,165,69,38
16:26:38.869 -> 8,634,480,322,165,70,37
16:26:39.478 -> 10,633,481,324,166,69,39
16:26:40.133 -> 9,635,480,323,166,71,38
16:26:40.743 -> 7,634,480,324,166,70,37
16:26:41.386 -> 6,634,480,324,165,69,39
16:26:42.043 -> 9,635,481,323,166,70,39
16:26:42.652 -> 7,635,480,323,165,68,38
16:26:43.299 -> 6,634,480,323,165,71,39
16:26:43.895 -> 7,634,480,323,165,70,39
16:26:44.553 -> 7,635,480,323,165,71,39
16:26:45.162 -> 7,636,480,323,165,69,39
16:26:45.818 -> 10,634,480,324,165,71,39
16:26:46.428 -> 10,634,479,323,165,69,37
16:26:47.084 -> 7,634,480,323,165,71,37
16:26:47.693 -> 6,635,479,323,166,71,38
16:26:48.349 -> 9,636,479,323,166,71,39
16:26:48.959 -> 10,634,480,324,167,70,38
16:26:49.615 -> 8,635,480,324,166,69,37
16:26:50.224 -> 10,634,480,326,166,69,39
16:26:50.868 -> 11,635,480,324,166,70,38
16:26:51.478 -> 7,636,480,325,166,69,36
16:26:52.134 -> 8,634,481,324,165,70,38
16:26:52.745 -> 6,635,480,323,165,70,37
16:26:53.401 -> 10,635,481,324,166,70,39
16:26:54.032 -> 7,635,481,323,165,70,37
16:26:54.633 -> 7,634,480,324,166,71,39
16:26:55.289 -> 10,634,480,323,165,70,39
16:26:55.898 -> 10,634,479,325,166,69,38
16:26:56.555 -> 7,637,480,323,165,69,38
16:26:57.164 -> 11,636,480,323,166,71,37
16:26:57.820 -> 7,635,482,323,165,71,35
16:26:58.429 -> 7,635,480,324,167,69,38
16:26:59.085 -> 9,636,480,324,166,71,38
16:26:59.694 -> 7,636,481,325,166,70,37
16:27:00.350 -> 9,636,481,325,166,70,39
16:27:00.959 -> 6,636,480,324,166,69,37
16:27:01.616 -> 10,636,481,324,166,71,39
16:27:02.225 -> 6,635,481,324,166,71,38
16:27:02.873 -> 6,637,481,323,166,71,36
16:27:03.482 -> 10,637,481,324,168,70,39
16:27:04.139 -> 8,636,480,323,166,70,38
16:27:04.763 -> 10,636,481,324,166,71,38
16:27:05.372 -> 8,636,481,325,166,71,36
16:27:06.028 -> 6,636,482,325,167,70,38
16:27:06.666 -> 10,635,480,323,165,69,38
16:27:07.275 -> 10,636,481,324,166,71,36
16:27:07.931 -> 8,636,480,323,165,70,37
16:27:08.540 -> 9,635,481,325,166,71,39
16:27:09.197 -> 9,635,480,323,165,69,37
16:27:09.804 -> 7,635,481,323,167,70,38
16:27:10.415 -> 10,635,480,324,165,68,39
16:27:11.070 -> 8,635,480,323,166,69,40
16:27:11.679 -> 7,636,480,323,165,71,39
16:27:12.335 -> 7,635,481,323,165,71,38
16:27:12.945 -> 10,634,480,323,164,69,39
16:27:13.601 -> 10,636,480,325,165,70,38
16:27:14.211 -> 7,635,481,324,164,69,37
16:27:14.867 -> 8,636,481,324,165,71,39
16:27:15.475 -> 9,635,480,324,166,71,39
16:27:16.124 -> 7,636,481,324,166,70,37
16:27:16.733 -> 8,636,480,324,165,71,39
16:27:17.389 -> 6,635,481,323,166,70,39
16:27:18.000 -> 7,636,481,324,166,69,38
16:27:18.656 -> 7,637,480,324,165,69,38
16:27:19.265 -> 7,636,480,323,167,69,38
16:27:19.923 -> 7,635,480,324,165,69,37
16:27:20.542 -> 10,636,482,323,167,70,37
16:27:21.186 -> 7,637,481,325,164,70,37
16:27:21.796 -> 6,636,481,325,166,71,39
16:27:22.452 -> 7,635,481,324,166,70,39
16:27:23.055 -> 9,636,481,325,166,70,38
16:27:23.712 -> 10,636,481,323,166,71,38
16:27:24.320 -> 7,635,480,325,165,71,36
16:27:24.978 -> 10,636,481,323,166,70,38
16:27:25.574 -> 10,637,481,325,167,69,38
16:27:26.221 -> 9,636,481,324,165,70,36
16:27:26.878 -> 6,636,480,325,166,70,39
16:27:27.485 -> 7,636,482,324,166,70,39
16:27:28.143 -> 10,636,481,323,167,71,39
16:27:28.754 -> 10,636,480,324,166,72,37
16:27:29.363 -> 9,636,481,324,165,72,37
16:27:30.019 -> 7,636,482,324,166,71,37
16:27:30.628 -> 7,637,481,324,166,69,37
16:27:31.285 -> 6,636,481,324,166,70,38
16:27:31.894 -> 10,636,482,325,166,71,39
16:27:32.550 -> 8,636,482,324,166,70,37
16:27:33.157 -> 8,636,481,325,165,70,39
16:27:33.814 -> 7,635,481,325,166,70,38
16:27:34.424 -> 8,636,481,324,167,69,39
16:27:35.079 -> 7,636,482,325,166,71,38
16:27:35.688 -> 6,637,481,325,167,71,38
16:27:36.336 -> 7,637,482,325,166,70,39
16:27:36.946 -> 10,636,481,325,167,70,38
16:27:37.602 -> 10,637,481,325,166,70,37
16:27:38.209 -> 10,637,482,325,167,70,38
16:27:38.854 -> 7,636,481,324,166,70,39
16:27:39.464 -> 8,637,482,324,166,70,39
16:27:40.120 -> 7,636,481,325,166,70,38
16:27:40.730 -> 10,636,481,325,166,72,38
16:27:41.381 -> 10,636,482,325,167,69,37
16:27:41.990 -> 8,636,481,326,167,71,37
16:27:42.634 -> 9,637,483,325,166,70,38
16:27:43.257 -> 7,636,482,325,166,71,38
16:27:43.915 -> 10,636,482,325,166,71,39
16:27:44.523 -> 10,636,481,325,167,70,38
16:27:45.178 -> 10,637,482,324,166,70,37
16:27:45.789 -> 8,636,481,325,167,71,37
16:27:46.445 -> 7,638,481,324,166,71,38
16:27:47.054 -> 8,636,481,325,166,71,39
16:27:47.710 -> 6,636,481,324,166,70,38
16:27:48.318 -> 8,638,482,325,166,71,38
16:27:48.976 -> 9,637,482,324,166,70,38
16:27:49.585 -> 9,637,482,325,167,70,38
16:27:50.241 -> 7,637,481,324,166,70,39
16:27:50.838 -> 6,637,482,325,165,70,38
16:27:51.494 -> 7,636,482,325,166,70,39
16:27:52.103 -> 10,636,482,325,167,70,39
16:27:52.759 -> 6,636,482,324,167,71,37
16:27:53.365 -> 6,636,481,324,166,70,39
16:27:54.024 -> 8,637,483,326,166,70,39
16:27:54.632 -> 8,637,482,325,166,70,39
16:27:55.277 -> 7,638,482,326,167,70,38
16:27:55.885 -> 8,637,482,325,166,71,37
16:27:56.542 -> 6,636,482,324,166,71,38
16:27:57.151 -> 8,637,482,325,167,71,39
16:27:57.807 -> 11,636,481,324,166,71,39
16:27:58.415 -> 10,636,481,325,167,70,38
16:27:59.073 -> 7,637,482,324,165,71,37
16:27:59.682 -> 6,638,482,325,167,71,38
16:28:00.340 -> 9,637,482,325,167,70,39
16:28:00.949 -> 6,638,483,325,166,68,37
16:28:01.573 -> 9,637,482,325,166,69,39
16:28:02.230 -> 7,638,483,324,167,71,39
16:28:02.868 -> 10,637,483,325,167,69,39
16:28:03.493 -> 10,637,481,325,166,69,37
16:28:04.103 -> 8,638,481,324,166,70,37
16:28:04.760 -> 7,636,481,325,166,70,39
16:28:05.369 -> 9,638,482,325,167,70,38
16:28:06.025 -> 7,638,483,325,167,70,39
16:28:06.636 -> 9,637,482,325,165,70,38
16:28:07.245 -> 9,637,482,326,166,71,39
16:28:07.901 -> 10,636,483,325,167,69,39
16:28:08.510 -> 7,637,482,324,166,71,38
16:28:09.166 -> 6,637,482,326,166,71,38
16:28:09.775 -> 7,638,482,324,165,70,39
16:28:10.423 -> 10,638,482,325,166,69,39
16:28:11.079 -> 7,637,481,325,166,71,37
16:28:11.688 -> 6,637,482,325,167,70,38
16:28:12.344 -> 9,637,482,326,166,71,39
16:28:12.953 -> 9,636,482,325,165,71,38
16:28:13.564 -> 7,638,482,325,167,70,39
16:28:14.220 -> 10,637,482,324,167,71,38
16:28:14.829 -> 7,638,482,325,165,68,39
16:28:15.485 -> 7,638,483,325,167,71,38
16:28:16.094 -> 7,638,482,325,167,71,39
16:28:16.751 -> 8,638,482,324,166,71,39
16:28:17.361 -> 7,638,483,325,167,71,39
16:28:18.011 -> 7,637,482,325,166,70,39
16:28:18.620 -> 6,637,483,325,166,69,38
16:28:19.276 -> 8,638,483,325,166,69,39
16:28:19.885 -> 7,638,483,325,167,71,39
16:28:20.541 -> 7,638,482,325,165,71,37
16:28:21.150 -> 6,637,482,324,166,69,38
16:28:21.794 -> 8,639,483,325,168,70,39
16:28:22.404 -> 10,638,482,325,168,71,38
16:28:23.047 -> 10,639,483,325,165,70,39
16:28:23.693 -> 10,638,482,325,167,69,37
16:28:24.324 -> 9,638,483,325,169,69,37
16:28:24.933 -> 10,637,482,325,167,69,39
16:28:25.577 -> 7,639,483,326,166,71,39
16:28:26.234 -> 6,638,481,325,167,69,39
16:28:26.843 -> 8,639,482,324,167,71,38
16:28:27.499 -> 10,638,482,326,167,72,39
16:28:28.108 -> 8,638,483,325,166,69,37
16:28:28.732 -> 10,638,482,325,167,69,39
16:28:29.388 -> 7,637,482,326,166,69,38
16:28:29.998 -> 7,637,483,326,167,71,39
16:28:30.607 -> 9,638,483,325,167,71,37
16:28:31.263 -> 7,636,483,326,165,69,39
16:28:31.872 -> 7,638,484,324,167,71,39
16:28:32.529 -> 7,638,482,325,166,70,37
16:28:33.138 -> 7,637,483,325,166,71,38
16:28:33.793 -> 8,639,482,325,166,70,38
16:28:34.402 -> 8,639,483,326,167,71,37
16:28:35.058 -> 9,639,483,325,167,71,39
16:28:35.660 -> 6,638,482,326,166,71,39
16:28:36.317 -> 9,637,482,326,167,71,39
16:28:36.926 -> 6,638,483,325,166,69,37
16:28:37.582 -> 10,638,483,326,165,71,38
16:28:38.191 -> 7,638,482,325,166,71,38
16:28:38.841 -> 9,638,485,326,165,70,38
16:28:39.497 -> 7,638,484,325,166,68,37
16:28:40.093 -> 7,639,483,325,167,71,39
16:28:40.750 -> 9,638,484,325,167,71,39
16:28:41.359 -> 9,638,483,326,167,69,40
16:28:42.006 -> 7,640,483,325,166,70,38
16:28:42.616 -> 10,640,484,325,167,69,39
16:28:43.272 -> 6,640,482,326,167,71,38
16:28:43.880 -> 7,638,483,325,166,70,38
16:28:44.538 -> 8,639,483,327,165,70,37
16:28:45.147 -> 8,638,483,326,167,70,39
16:28:45.803 -> 6,639,483,325,166,71,38
16:28:46.412 -> 9,638,482,326,167,69,39
16:28:47.069 -> 6,638,482,325,166,71,39
16:28:47.678 -> 8,639,483,326,167,69,37
16:28:48.334 -> 7,638,482,326,167,70,39
16:28:48.943 -> 8,639,485,325,167,70,39
16:28:49.591 -> 9,640,483,326,166,70,37
16:28:50.200 -> 8,638,482,326,167,70,39
16:28:50.858 -> 6,638,483,325,166,71,39
16:28:51.467 -> 10,637,483,325,167,71,39
16:28:52.123 -> 10,638,484,325,166,71,38
16:28:52.732 -> 9,638,483,325,167,70,39
16:28:53.356 -> 10,639,484,326,166,70,38
16:28:54.012 -> 9,638,483,325,165,69,35
16:28:54.621 -> 6,639,482,326,167,71,39
16:28:55.277 -> 10,639,484,325,167,70,38
16:28:55.887 -> 10,638,483,325,167,69,39
16:28:56.496 -> 6,638,482,325,167,70,36
16:28:57.152 -> 6,639,483,326,167,71,39
16:28:57.761 -> 6,638,484,325,167,71,39
16:28:58.417 -> 7,639,482,326,167,69,38
16:28:59.065 -> 10,640,483,326,167,70,40
16:28:59.674 -> 9,639,483,326,167,69,38
16:29:00.330 -> 10,640,484,326,167,70,39
16:29:00.934 -> 7,639,483,325,167,69,36
16:29:01.591 -> 6,640,483,326,166,71,39
16:29:02.201 -> 8,640,484,326,167,69,39
16:29:02.857 -> 10,640,484,325,167,70,38
16:29:03.466 -> 10,640,484,327,166,71,37
16:29:04.076 -> 6,640,483,327,166,71,38
16:29:04.732 -> 9,640,483,326,167,71,38
16:29:05.342 -> 7,640,483,327,167,72,37
16:29:05.998 -> 8,640,484,326,167,70,39
16:29:06.608 -> 6,640,483,326,166,71,38
16:29:07.264 -> 7,640,484,327,168,72,39
16:29:07.873 -> 6,638,484,325,166,71,38
16:29:08.529 -> 9,640,483,325,167,71,37
16:29:09.138 -> 7,640,483,326,166,71,39
16:29:09.794 -> 9,639,484,326,166,71,38
16:29:10.404 -> 10,640,483,326,166,71,39
16:29:11.060 -> 6,638,485,327,167,70,37
16:29:11.669 -> 6,639,483,326,167,69,39
16:29:12.325 -> 10,640,484,326,167,70,39
16:29:12.934 -> 7,639,483,325,166,70,38
16:29:13.590 -> 10,640,484,326,167,71,39
16:29:14.200 -> 10,640,484,326,167,69,39
16:29:14.809 -> 7,640,483,326,167,70,38
16:29:15.465 -> 10,640,484,326,165,72,39
16:29:16.075 -> 10,640,484,326,167,71,37
16:29:16.731 -> 10,640,483,325,167,71,38
16:29:17.340 -> 8,639,484,325,167,71,37
16:29:18.000 -> 10,640,484,326,167,69,39
16:29:18.611 -> 6,640,485,326,168,69,38
16:29:19.261 -> 10,640,484,327,169,69,38
16:29:19.870 -> 9,640,484,325,167,70,39
16:29:20.526 -> 9,640,484,326,167,69,37
16:29:21.135 -> 10,641,484,326,167,71,39
16:29:21.791 -> 6,640,483,326,167,70,39
16:29:22.401 -> 6,640,484,326,167,71,38
16:29:23.055 -> 10,640,485,326,167,70,40
16:29:23.694 -> 10,641,484,326,167,71,37
16:29:24.303 -> 10,640,484,326,169,71,37
16:29:24.947 -> 10,640,485,326,167,70,40
16:29:25.556 -> 7,640,483,326,167,70,36
16:29:26.201 -> 10,640,485,327,167,70,38
16:29:26.857 -> 7,640,484,326,167,70,39
16:29:27.466 -> 6,639,483,326,167,71,39
16:29:28.122 -> 6,640,484,327,167,70,38
16:29:28.731 -> 10,640,484,326,167,70,38
16:29:29.341 -> 7,640,484,326,167,71,37
16:29:29.996 -> 7,640,485,326,167,70,38
16:29:30.606 -> 9,640,484,326,168,71,37
16:29:31.262 -> 6,641,485,326,168,70,37
16:29:31.871 -> 7,640,484,326,167,71,38
16:29:32.527 -> 10,640,484,326,166,71,39
16:29:33.175 -> 10,641,483,326,167,70,39
16:29:33.784 -> 7,640,483,327,165,70,39
16:29:34.440 -> 6,640,485,327,167,71,40
16:29:35.049 -> 10,641,484,326,166,70,39
16:29:35.658 -> 7,640,483,327,166,71,37
16:29:36.315 -> 10,640,484,326,167,70,39
16:29:36.924 -> 8,641,483,327,167,71,38
16:29:37.580 -> 6,641,484,326,167,70,39
16:29:38.189 -> 7,640,485,325,167,70,37
16:29:38.845 -> 7,640,484,327,167,70,40
16:29:39.455 -> 10,640,485,327,167,70,39
16:29:40.111 -> 9,640,485,327,167,71,39
16:29:40.720 -> 8,640,485,327,167,71,37
16:29:41.376 -> 10,640,485,326,167,71,39
16:29:41.985 -> 7,640,484,326,168,71,38
16:29:42.642 -> 8,640,484,327,167,71,38
16:29:43.251 -> 7,640,485,327,167,71,38
16:29:43.860 -> 8,641,485,327,167,70,38
16:29:44.516 -> 8,640,484,327,167,70,39
16:29:45.125 -> 8,640,485,327,167,69,39
16:29:45.770 -> 7,640,484,327,166,70,38
16:29:46.426 -> 7,640,484,326,166,69,39
16:29:47.035 -> 6,640,484,326,167,69,38
16:29:47.669 -> 10,641,484,327,167,71,38
16:29:48.327 -> 8,640,485,327,167,70,37
16:29:48.937 -> 9,640,484,326,168,71,38
16:29:49.546 -> 10,640,484,325,167,69,39
16:29:50.203 -> 9,641,485,325,166,71,38
16:29:50.826 -> 10,640,484,325,166,69,39
16:29:51.483 -> 6,641,484,326,167,70,36
16:29:52.093 -> 7,641,485,326,167,72,38
16:29:52.702 -> 11,641,484,327,167,72,40
16:29:53.359 -> 7,641,484,327,167,70,37
16:29:53.967 -> 8,641,485,326,167,71,37
16:29:54.624 -> 9,641,484,326,168,72,38
16:29:55.269 -> 9,640,484,327,167,71,39
16:29:55.877 -> 7,641,485,327,166,70,39
16:29:56.519 -> 7,640,485,328,167,70,39
16:29:57.128 -> 8,641,484,325,166,71,40
