# Project : ; Airbus
# Data Recorded by : ; TRPS on Dienstag, 11. Februar 2020 at 12:19
# Detector name : ; 
# NN : ; 
# Samples per seconds : ; 1,000
# Ignition (sec after start) : ; 31
# Alarm (sec after ignition) : ; 0
# NN : ; 
# TF : ; 8
# MIREX (single light path) : ; 0.713 m 
# NN : ; 
# NN : ; 
# NN : ; 
# Remarks : ; Nephelometer
# NN : ; 
# Chn : ;  ; Vch00	Vch01	Vch02	
# NN : ; 
# High Limit : ;  ;  10 V	 10 V	 10 V	
# Low Limit : ;  ;   0 V	  0 V	  0 V	
# Time  ; Sample 	MIREX    	Stroemung	Temp.    	
11.02.2020 12:04:58	0,000E+0	5,573E-8	1,263E-1	4,189E-2
11.02.2020 12:04:59	1,000E+0	5,573E-8	1,223E-1	4,189E-2
11.02.2020 12:05:00	2,000E+0	5,573E-8	1,284E-1	4,189E-2
11.02.2020 12:05:01	3,000E+0	5,573E-8	1,243E-1	4,189E-2
11.02.2020 12:05:02	4,000E+0	3,109E-3	1,263E-1	4,189E-2
11.02.2020 12:05:03	5,000E+0	5,573E-8	1,243E-1	4,189E-2
11.02.2020 12:05:04	6,000E+0	3,109E-3	1,304E-1	4,189E-2
11.02.2020 12:05:05	7,000E+0	-3,106E-3	1,263E-1	4,189E-2
11.02.2020 12:05:06	8,000E+0	5,573E-8	1,223E-1	4,189E-2
11.02.2020 12:05:07	9,000E+0	5,573E-8	1,243E-1	4,189E-2
11.02.2020 12:05:08	1,000E+1	5,573E-8	1,304E-1	4,189E-2
11.02.2020 12:05:09	1,100E+1	3,109E-3	1,223E-1	4,189E-2
11.02.2020 12:05:10	1,200E+1	5,573E-8	1,243E-1	4,189E-2
11.02.2020 12:05:11	1,300E+1	5,573E-8	1,284E-1	4,189E-2
11.02.2020 12:05:12	1,400E+1	5,573E-8	1,304E-1	4,189E-2
11.02.2020 12:05:13	1,500E+1	5,573E-8	1,223E-1	4,189E-2
11.02.2020 12:05:14	1,600E+1	3,109E-3	1,243E-1	4,189E-2
11.02.2020 12:05:15	1,700E+1	3,109E-3	1,304E-1	4,189E-2
11.02.2020 12:05:16	1,800E+1	5,573E-8	1,223E-1	4,189E-2
11.02.2020 12:05:17	1,900E+1	3,109E-3	1,243E-1	4,189E-2
11.02.2020 12:05:18	2,000E+1	3,109E-3	1,202E-1	4,189E-2
11.02.2020 12:05:19	2,100E+1	5,573E-8	1,304E-1	4,189E-2
11.02.2020 12:05:20	2,200E+1	3,109E-3	1,304E-1	4,189E-2
11.02.2020 12:05:21	2,300E+1	3,109E-3	1,284E-1	4,189E-2
11.02.2020 12:05:22	2,400E+1	5,573E-8	1,243E-1	4,189E-2
11.02.2020 12:05:23	2,500E+1	3,109E-3	1,284E-1	4,189E-2
11.02.2020 12:05:24	2,600E+1	3,109E-3	1,243E-1	4,189E-2
11.02.2020 12:05:25	2,700E+1	5,573E-8	1,304E-1	4,189E-2
11.02.2020 12:05:26	2,800E+1	5,573E-8	1,304E-1	4,189E-2
11.02.2020 12:05:27	2,900E+1	5,573E-8	1,284E-1	4,189E-2
11.02.2020 12:05:28	3,000E+1	5,573E-8	1,263E-1	4,189E-2
11.02.2020 12:05:29	3,100E+1	5,573E-8	1,304E-1	4,189E-2
11.02.2020 12:05:30	3,200E+1	3,109E-3	1,223E-1	4,189E-2
11.02.2020 12:05:31	3,300E+1	5,573E-8	1,223E-1	4,189E-2
11.02.2020 12:05:32	3,400E+1	5,573E-8	1,243E-1	4,189E-2
11.02.2020 12:05:33	3,500E+1	5,573E-8	1,223E-1	4,189E-2
11.02.2020 12:05:34	3,600E+1	5,573E-8	1,304E-1	4,189E-2
11.02.2020 12:05:35	3,700E+1	5,573E-8	1,284E-1	4,189E-2
11.02.2020 12:05:36	3,800E+1	5,573E-8	1,263E-1	4,189E-2
11.02.2020 12:05:37	3,900E+1	5,573E-8	1,263E-1	4,189E-2
11.02.2020 12:05:38	4,000E+1	5,573E-8	1,243E-1	4,189E-2
11.02.2020 12:05:39	4,100E+1	3,109E-3	1,284E-1	4,189E-2
11.02.2020 12:05:40	4,200E+1	5,573E-8	1,284E-1	4,189E-2
11.02.2020 12:05:41	4,300E+1	5,573E-8	1,304E-1	4,189E-2
11.02.2020 12:05:42	4,400E+1	5,573E-8	1,223E-1	4,189E-2
11.02.2020 12:05:43	4,500E+1	5,573E-8	1,223E-1	4,189E-2
11.02.2020 12:05:44	4,600E+1	3,109E-3	1,263E-1	4,189E-2
11.02.2020 12:05:45	4,700E+1	5,573E-8	1,304E-1	4,189E-2
11.02.2020 12:05:46	4,800E+1	5,573E-8	1,304E-1	4,189E-2
11.02.2020 12:05:47	4,900E+1	5,573E-8	1,304E-1	4,189E-2
11.02.2020 12:05:48	5,000E+1	5,573E-8	1,223E-1	4,189E-2
11.02.2020 12:05:49	5,100E+1	5,573E-8	1,284E-1	4,189E-2
11.02.2020 12:05:50	5,200E+1	5,573E-8	1,284E-1	4,189E-2
11.02.2020 12:05:51	5,300E+1	5,573E-8	1,263E-1	4,189E-2
11.02.2020 12:05:52	5,400E+1	5,573E-8	1,263E-1	4,189E-2
11.02.2020 12:05:53	5,500E+1	5,573E-8	1,284E-1	4,189E-2
11.02.2020 12:05:54	5,600E+1	5,573E-8	1,263E-1	4,189E-2
11.02.2020 12:05:55	5,700E+1	5,573E-8	1,263E-1	4,189E-2
11.02.2020 12:05:56	5,800E+1	5,573E-8	1,223E-1	4,189E-2
11.02.2020 12:05:57	5,900E+1	5,573E-8	1,304E-1	4,189E-2
11.02.2020 12:05:58	6,000E+1	5,573E-8	1,243E-1	4,189E-2
11.02.2020 12:05:59	6,100E+1	5,573E-8	1,304E-1	4,189E-2
11.02.2020 12:06:00	6,200E+1	3,109E-3	1,304E-1	4,189E-2
11.02.2020 12:06:01	6,300E+1	5,573E-8	1,284E-1	4,189E-2
11.02.2020 12:06:02	6,400E+1	5,573E-8	1,304E-1	4,189E-2
11.02.2020 12:06:03	6,500E+1	3,109E-3	1,263E-1	4,189E-2
11.02.2020 12:06:04	6,600E+1	5,573E-8	1,284E-1	4,189E-2
11.02.2020 12:06:05	6,700E+1	3,109E-3	1,202E-1	4,189E-2
11.02.2020 12:06:06	6,800E+1	5,573E-8	1,284E-1	4,189E-2
11.02.2020 12:06:07	6,900E+1	5,573E-8	1,263E-1	4,189E-2
11.02.2020 12:06:08	7,000E+1	3,109E-3	1,223E-1	4,189E-2
11.02.2020 12:06:09	7,100E+1	3,109E-3	1,243E-1	4,189E-2
11.02.2020 12:06:10	7,200E+1	3,109E-3	1,304E-1	4,189E-2
11.02.2020 12:06:11	7,300E+1	5,573E-8	1,304E-1	4,189E-2
11.02.2020 12:06:12	7,400E+1	5,573E-8	1,304E-1	4,189E-2
11.02.2020 12:06:13	7,500E+1	5,573E-8	1,304E-1	4,189E-2
11.02.2020 12:06:14	7,600E+1	5,573E-8	1,304E-1	4,189E-2
11.02.2020 12:06:15	7,700E+1	5,573E-8	1,304E-1	4,189E-2
11.02.2020 12:06:16	7,800E+1	5,573E-8	1,304E-1	4,189E-2
11.02.2020 12:06:17	7,900E+1	3,109E-3	1,263E-1	4,189E-2
11.02.2020 12:06:18	8,000E+1	3,109E-3	1,304E-1	4,189E-2
11.02.2020 12:06:19	8,100E+1	5,573E-8	1,263E-1	4,189E-2
11.02.2020 12:06:20	8,200E+1	5,573E-8	1,223E-1	4,189E-2
11.02.2020 12:06:21	8,300E+1	5,573E-8	1,284E-1	4,189E-2
11.02.2020 12:06:22	8,400E+1	5,573E-8	1,304E-1	4,189E-2
11.02.2020 12:06:23	8,500E+1	5,573E-8	1,304E-1	4,189E-2
11.02.2020 12:06:24	8,600E+1	5,573E-8	1,223E-1	4,189E-2
11.02.2020 12:06:25	8,700E+1	3,109E-3	1,223E-1	4,189E-2
11.02.2020 12:06:26	8,800E+1	5,573E-8	1,284E-1	4,189E-2
11.02.2020 12:06:27	8,900E+1	5,573E-8	1,243E-1	4,189E-2
11.02.2020 12:06:28	9,000E+1	3,109E-3	1,304E-1	4,189E-2
11.02.2020 12:06:29	9,100E+1	5,573E-8	1,284E-1	4,189E-2
11.02.2020 12:06:30	9,200E+1	5,573E-8	1,284E-1	4,189E-2
11.02.2020 12:06:31	9,300E+1	3,109E-3	1,223E-1	4,189E-2
11.02.2020 12:06:32	9,400E+1	5,573E-8	1,243E-1	4,189E-2
11.02.2020 12:06:33	9,500E+1	3,109E-3	1,223E-1	4,189E-2
11.02.2020 12:06:34	9,600E+1	5,573E-8	1,284E-1	4,189E-2
11.02.2020 12:06:35	9,700E+1	3,109E-3	1,304E-1	4,189E-2
11.02.2020 12:06:36	9,800E+1	5,573E-8	1,284E-1	4,189E-2
11.02.2020 12:06:37	9,900E+1	3,109E-3	1,223E-1	4,189E-2
11.02.2020 12:06:38	1,000E+2	3,109E-3	1,243E-1	4,189E-2
11.02.2020 12:06:39	1,010E+2	3,109E-3	1,263E-1	4,189E-2
11.02.2020 12:06:40	1,020E+2	5,573E-8	1,304E-1	4,189E-2
11.02.2020 12:06:41	1,030E+2	5,573E-8	1,223E-1	4,189E-2
11.02.2020 12:06:42	1,040E+2	3,109E-3	1,284E-1	4,189E-2
11.02.2020 12:06:43	1,050E+2	3,109E-3	1,263E-1	4,189E-2
11.02.2020 12:06:44	1,060E+2	5,573E-8	1,263E-1	4,189E-2
11.02.2020 12:06:45	1,070E+2	5,573E-8	1,223E-1	4,189E-2
11.02.2020 12:06:46	1,080E+2	3,109E-3	1,263E-1	4,189E-2
11.02.2020 12:06:47	1,090E+2	3,109E-3	1,263E-1	4,189E-2
11.02.2020 12:06:48	1,100E+2	3,109E-3	1,223E-1	4,189E-2
11.02.2020 12:06:49	1,110E+2	5,573E-8	1,263E-1	4,189E-2
11.02.2020 12:06:50	1,120E+2	3,109E-3	1,243E-1	4,189E-2
11.02.2020 12:06:51	1,130E+2	3,109E-3	1,243E-1	4,189E-2
11.02.2020 12:06:52	1,140E+2	3,109E-3	1,263E-1	4,189E-2
11.02.2020 12:06:53	1,150E+2	6,221E-3	1,243E-1	4,189E-2
11.02.2020 12:06:54	1,160E+2	6,221E-3	1,223E-1	4,189E-2
11.02.2020 12:06:55	1,170E+2	3,109E-3	1,304E-1	4,189E-2
11.02.2020 12:06:56	1,180E+2	6,221E-3	1,223E-1	4,189E-2
11.02.2020 12:06:57	1,190E+2	3,109E-3	1,223E-1	4,189E-2
11.02.2020 12:06:58	1,200E+2	6,221E-3	1,243E-1	4,189E-2
11.02.2020 12:06:59	1,210E+2	6,221E-3	1,223E-1	4,189E-2
11.02.2020 12:07:00	1,220E+2	6,221E-3	1,263E-1	4,189E-2
11.02.2020 12:07:01	1,230E+2	9,336E-3	1,284E-1	4,189E-2
11.02.2020 12:07:02	1,240E+2	3,109E-3	1,304E-1	4,189E-2
11.02.2020 12:07:03	1,250E+2	6,221E-3	1,304E-1	4,189E-2
11.02.2020 12:07:04	1,260E+2	9,336E-3	1,223E-1	4,189E-2
11.02.2020 12:07:05	1,270E+2	6,221E-3	1,284E-1	4,189E-2
11.02.2020 12:07:06	1,280E+2	9,336E-3	1,304E-1	4,189E-2
11.02.2020 12:07:07	1,290E+2	1,245E-2	1,223E-1	4,189E-2
11.02.2020 12:07:08	1,300E+2	1,245E-2	1,263E-1	4,189E-2
11.02.2020 12:07:09	1,310E+2	9,336E-3	1,284E-1	4,189E-2
11.02.2020 12:07:10	1,320E+2	1,245E-2	1,243E-1	4,189E-2
11.02.2020 12:07:11	1,330E+2	1,245E-2	1,263E-1	4,189E-2
11.02.2020 12:07:12	1,340E+2	1,245E-2	1,263E-1	4,189E-2
11.02.2020 12:07:13	1,350E+2	1,558E-2	1,243E-1	4,189E-2
11.02.2020 12:07:14	1,360E+2	1,558E-2	1,202E-1	4,189E-2
11.02.2020 12:07:15	1,370E+2	1,558E-2	1,263E-1	4,189E-2
11.02.2020 12:07:16	1,380E+2	1,870E-2	1,223E-1	4,189E-2
11.02.2020 12:07:17	1,390E+2	1,870E-2	1,263E-1	4,189E-2
11.02.2020 12:07:18	1,400E+2	1,870E-2	1,223E-1	4,189E-2
11.02.2020 12:07:19	1,410E+2	1,870E-2	1,284E-1	4,189E-2
11.02.2020 12:07:20	1,420E+2	1,870E-2	1,284E-1	4,189E-2
11.02.2020 12:07:21	1,430E+2	1,870E-2	1,263E-1	4,189E-2
11.02.2020 12:07:22	1,440E+2	2,183E-2	1,263E-1	2,049E-1
11.02.2020 12:07:23	1,450E+2	2,496E-2	1,304E-1	4,189E-2
11.02.2020 12:07:24	1,460E+2	2,496E-2	1,304E-1	4,189E-2
11.02.2020 12:07:25	1,470E+2	2,496E-2	1,304E-1	4,189E-2
11.02.2020 12:07:26	1,480E+2	2,809E-2	1,223E-1	4,189E-2
11.02.2020 12:07:27	1,490E+2	3,123E-2	1,284E-1	4,189E-2
11.02.2020 12:07:28	1,500E+2	3,123E-2	1,223E-1	4,189E-2
11.02.2020 12:07:29	1,510E+2	3,437E-2	1,263E-1	4,189E-2
11.02.2020 12:07:30	1,520E+2	3,437E-2	1,223E-1	4,189E-2
11.02.2020 12:07:31	1,530E+2	3,123E-2	1,223E-1	4,189E-2
11.02.2020 12:07:32	1,540E+2	3,752E-2	1,223E-1	4,189E-2
11.02.2020 12:07:33	1,550E+2	4,067E-2	1,243E-1	4,189E-2
11.02.2020 12:07:34	1,560E+2	4,067E-2	1,284E-1	4,189E-2
11.02.2020 12:07:35	1,570E+2	4,382E-2	1,223E-1	4,189E-2
11.02.2020 12:07:36	1,580E+2	4,697E-2	1,223E-1	4,189E-2
11.02.2020 12:07:37	1,590E+2	4,697E-2	1,284E-1	4,189E-2
11.02.2020 12:07:38	1,600E+2	5,013E-2	1,284E-1	4,189E-2
11.02.2020 12:07:39	1,610E+2	5,013E-2	1,284E-1	4,189E-2
11.02.2020 12:07:40	1,620E+2	5,013E-2	1,243E-1	4,189E-2
11.02.2020 12:07:41	1,630E+2	5,329E-2	1,223E-1	4,189E-2
11.02.2020 12:07:42	1,640E+2	5,013E-2	1,243E-1	4,189E-2
11.02.2020 12:07:43	1,650E+2	5,329E-2	1,263E-1	4,189E-2
11.02.2020 12:07:44	1,660E+2	5,329E-2	1,263E-1	4,189E-2
11.02.2020 12:07:45	1,670E+2	6,279E-2	1,263E-1	4,189E-2
11.02.2020 12:07:46	1,680E+2	6,279E-2	1,223E-1	4,189E-2
11.02.2020 12:07:47	1,690E+2	6,279E-2	1,263E-1	4,189E-2
11.02.2020 12:07:48	1,700E+2	6,914E-2	1,243E-1	4,189E-2
11.02.2020 12:07:49	1,710E+2	6,279E-2	1,304E-1	4,189E-2
11.02.2020 12:07:50	1,720E+2	6,914E-2	1,223E-1	4,189E-2
11.02.2020 12:07:51	1,730E+2	6,914E-2	1,263E-1	4,189E-2
11.02.2020 12:07:52	1,740E+2	7,550E-2	1,223E-1	4,189E-2
11.02.2020 12:07:53	1,750E+2	7,232E-2	1,284E-1	4,189E-2
11.02.2020 12:07:54	1,760E+2	7,550E-2	1,263E-1	4,189E-2
11.02.2020 12:07:55	1,770E+2	7,869E-2	1,263E-1	4,189E-2
11.02.2020 12:07:56	1,780E+2	7,869E-2	1,284E-1	4,189E-2
11.02.2020 12:07:57	1,790E+2	7,869E-2	1,263E-1	4,189E-2
11.02.2020 12:07:58	1,800E+2	8,188E-2	1,284E-1	4,189E-2
11.02.2020 12:07:59	1,810E+2	8,188E-2	1,223E-1	4,189E-2
11.02.2020 12:08:00	1,820E+2	8,507E-2	1,304E-1	4,189E-2
11.02.2020 12:08:01	1,830E+2	9,147E-2	1,284E-1	4,189E-2
11.02.2020 12:08:02	1,840E+2	9,147E-2	1,263E-1	4,189E-2
11.02.2020 12:08:03	1,850E+2	9,147E-2	1,263E-1	4,189E-2
11.02.2020 12:08:04	1,860E+2	9,468E-2	1,284E-1	4,189E-2
11.02.2020 12:08:05	1,870E+2	1,011E-1	1,284E-1	4,189E-2
11.02.2020 12:08:06	1,880E+2	9,788E-2	1,223E-1	4,189E-2
11.02.2020 12:08:07	1,890E+2	9,468E-2	1,284E-1	4,189E-2
11.02.2020 12:08:08	1,900E+2	1,011E-1	1,263E-1	4,189E-2
11.02.2020 12:08:09	1,910E+2	1,011E-1	1,263E-1	4,189E-2
11.02.2020 12:08:10	1,920E+2	1,011E-1	1,263E-1	4,189E-2
11.02.2020 12:08:11	1,930E+2	1,043E-1	1,223E-1	4,189E-2
11.02.2020 12:08:12	1,940E+2	1,075E-1	1,263E-1	4,189E-2
11.02.2020 12:08:13	1,950E+2	1,140E-1	1,223E-1	4,189E-2
11.02.2020 12:08:14	1,960E+2	1,140E-1	1,263E-1	4,189E-2
11.02.2020 12:08:15	1,970E+2	1,140E-1	1,304E-1	4,189E-2
11.02.2020 12:08:16	1,980E+2	1,172E-1	1,304E-1	4,189E-2
11.02.2020 12:08:17	1,990E+2	1,172E-1	1,263E-1	4,189E-2
11.02.2020 12:08:18	2,000E+2	1,204E-1	1,304E-1	4,189E-2
11.02.2020 12:08:19	2,010E+2	1,269E-1	1,284E-1	4,189E-2
11.02.2020 12:08:20	2,020E+2	1,301E-1	1,263E-1	4,189E-2
11.02.2020 12:08:21	2,030E+2	1,269E-1	1,243E-1	4,189E-2
11.02.2020 12:08:22	2,040E+2	1,269E-1	1,243E-1	4,189E-2
11.02.2020 12:08:23	2,050E+2	1,301E-1	1,263E-1	4,189E-2
11.02.2020 12:08:24	2,060E+2	1,334E-1	1,243E-1	4,189E-2
11.02.2020 12:08:25	2,070E+2	1,366E-1	1,284E-1	4,189E-2
11.02.2020 12:08:26	2,080E+2	1,366E-1	1,304E-1	4,189E-2
11.02.2020 12:08:27	2,090E+2	1,399E-1	1,284E-1	4,189E-2
11.02.2020 12:08:28	2,100E+2	1,431E-1	1,284E-1	4,189E-2
11.02.2020 12:08:29	2,110E+2	1,399E-1	1,263E-1	4,189E-2
11.02.2020 12:08:30	2,120E+2	1,464E-1	1,263E-1	4,189E-2
11.02.2020 12:08:31	2,130E+2	1,464E-1	1,263E-1	4,189E-2
11.02.2020 12:08:32	2,140E+2	1,464E-1	1,304E-1	4,189E-2
11.02.2020 12:08:33	2,150E+2	1,497E-1	1,284E-1	4,189E-2
11.02.2020 12:08:34	2,160E+2	1,529E-1	1,263E-1	4,189E-2
11.02.2020 12:08:35	2,170E+2	1,562E-1	1,263E-1	4,189E-2
11.02.2020 12:08:36	2,180E+2	1,562E-1	1,223E-1	4,189E-2
11.02.2020 12:08:37	2,190E+2	1,595E-1	1,223E-1	4,189E-2
11.02.2020 12:08:38	2,200E+2	1,595E-1	1,223E-1	4,189E-2
11.02.2020 12:08:39	2,210E+2	1,627E-1	1,304E-1	4,189E-2
11.02.2020 12:08:40	2,220E+2	1,627E-1	1,284E-1	4,189E-2
11.02.2020 12:08:41	2,230E+2	1,660E-1	1,223E-1	4,189E-2
11.02.2020 12:08:42	2,240E+2	1,693E-1	1,223E-1	4,189E-2
11.02.2020 12:08:43	2,250E+2	1,693E-1	1,304E-1	4,189E-2
11.02.2020 12:08:44	2,260E+2	1,726E-1	1,304E-1	4,189E-2
11.02.2020 12:08:45	2,270E+2	1,726E-1	1,223E-1	4,189E-2
11.02.2020 12:08:46	2,280E+2	1,792E-1	1,263E-1	4,189E-2
11.02.2020 12:08:47	2,290E+2	1,792E-1	1,223E-1	4,189E-2
11.02.2020 12:08:48	2,300E+2	1,792E-1	1,223E-1	4,189E-2
11.02.2020 12:08:49	2,310E+2	1,792E-1	1,304E-1	4,189E-2
11.02.2020 12:08:50	2,320E+2	1,858E-1	1,243E-1	4,189E-2
11.02.2020 12:08:51	2,330E+2	1,891E-1	1,263E-1	4,189E-2
11.02.2020 12:08:52	2,340E+2	1,924E-1	1,284E-1	4,189E-2
11.02.2020 12:08:53	2,350E+2	1,924E-1	1,284E-1	4,189E-2
11.02.2020 12:08:54	2,360E+2	1,924E-1	1,263E-1	4,189E-2
11.02.2020 12:08:55	2,370E+2	1,924E-1	1,223E-1	4,189E-2
11.02.2020 12:08:56	2,380E+2	1,990E-1	1,284E-1	4,189E-2
11.02.2020 12:08:57	2,390E+2	2,023E-1	1,223E-1	4,189E-2
11.02.2020 12:08:58	2,400E+2	2,023E-1	1,243E-1	4,189E-2
11.02.2020 12:08:59	2,410E+2	2,057E-1	1,243E-1	4,189E-2
11.02.2020 12:09:00	2,420E+2	2,057E-1	1,243E-1	4,189E-2
11.02.2020 12:09:01	2,430E+2	2,057E-1	1,243E-1	4,189E-2
11.02.2020 12:09:02	2,440E+2	2,090E-1	1,243E-1	4,189E-2
11.02.2020 12:09:03	2,450E+2	2,090E-1	1,304E-1	4,189E-2
11.02.2020 12:09:04	2,460E+2	2,156E-1	1,263E-1	4,189E-2
11.02.2020 12:09:05	2,470E+2	2,156E-1	1,284E-1	4,189E-2
11.02.2020 12:09:06	2,480E+2	2,156E-1	1,263E-1	4,189E-2
11.02.2020 12:09:07	2,490E+2	2,190E-1	1,263E-1	4,189E-2
11.02.2020 12:09:08	2,500E+2	2,223E-1	1,263E-1	4,189E-2
11.02.2020 12:09:09	2,510E+2	2,223E-1	1,223E-1	4,189E-2
11.02.2020 12:09:10	2,520E+2	2,223E-1	1,304E-1	4,189E-2
11.02.2020 12:09:11	2,530E+2	2,257E-1	1,223E-1	4,189E-2
11.02.2020 12:09:12	2,540E+2	2,324E-1	1,202E-1	4,189E-2
11.02.2020 12:09:13	2,550E+2	2,324E-1	1,243E-1	4,189E-2
11.02.2020 12:09:14	2,560E+2	2,290E-1	1,243E-1	4,189E-2
11.02.2020 12:09:15	2,570E+2	2,324E-1	1,304E-1	4,189E-2
11.02.2020 12:09:16	2,580E+2	2,324E-1	1,304E-1	4,189E-2
11.02.2020 12:09:17	2,590E+2	2,391E-1	1,223E-1	4,189E-2
11.02.2020 12:09:18	2,600E+2	2,391E-1	1,263E-1	4,189E-2
11.02.2020 12:09:19	2,610E+2	2,424E-1	1,304E-1	4,189E-2
11.02.2020 12:09:20	2,620E+2	2,424E-1	1,223E-1	4,189E-2
11.02.2020 12:09:21	2,630E+2	2,458E-1	1,284E-1	4,189E-2
11.02.2020 12:09:22	2,640E+2	2,458E-1	1,223E-1	4,189E-2
11.02.2020 12:09:23	2,650E+2	2,492E-1	1,223E-1	4,189E-2
11.02.2020 12:09:24	2,660E+2	2,492E-1	1,304E-1	4,189E-2
11.02.2020 12:09:25	2,670E+2	2,526E-1	1,263E-1	4,189E-2
11.02.2020 12:09:26	2,680E+2	2,526E-1	1,243E-1	4,189E-2
11.02.2020 12:09:27	2,690E+2	2,559E-1	1,223E-1	4,189E-2
11.02.2020 12:09:28	2,700E+2	2,593E-1	1,223E-1	4,189E-2
11.02.2020 12:09:29	2,710E+2	2,593E-1	1,284E-1	4,189E-2
11.02.2020 12:09:30	2,720E+2	2,661E-1	1,243E-1	4,189E-2
11.02.2020 12:09:31	2,730E+2	2,661E-1	1,243E-1	4,189E-2
11.02.2020 12:09:32	2,740E+2	2,729E-1	1,243E-1	4,189E-2
11.02.2020 12:09:33	2,750E+2	2,729E-1	1,284E-1	4,189E-2
11.02.2020 12:09:34	2,760E+2	2,729E-1	1,284E-1	4,189E-2
11.02.2020 12:09:35	2,770E+2	2,729E-1	1,304E-1	4,189E-2
11.02.2020 12:09:36	2,780E+2	2,729E-1	1,304E-1	4,189E-2
11.02.2020 12:09:37	2,790E+2	2,763E-1	1,284E-1	4,189E-2
11.02.2020 12:09:38	2,800E+2	2,763E-1	1,284E-1	4,189E-2
11.02.2020 12:09:39	2,810E+2	2,797E-1	1,263E-1	4,189E-2
11.02.2020 12:09:40	2,820E+2	2,797E-1	1,263E-1	4,189E-2
11.02.2020 12:09:41	2,830E+2	2,797E-1	1,284E-1	4,189E-2
11.02.2020 12:09:42	2,840E+2	2,797E-1	1,304E-1	4,189E-2
11.02.2020 12:09:43	2,850E+2	2,831E-1	1,325E-1	4,189E-2
11.02.2020 12:09:44	2,860E+2	2,865E-1	1,284E-1	4,189E-2
11.02.2020 12:09:45	2,870E+2	2,933E-1	1,284E-1	4,189E-2
11.02.2020 12:09:46	2,880E+2	2,899E-1	1,223E-1	4,189E-2
11.02.2020 12:09:47	2,890E+2	2,933E-1	1,304E-1	4,189E-2
11.02.2020 12:09:48	2,900E+2	2,933E-1	1,284E-1	4,189E-2
11.02.2020 12:09:49	2,910E+2	2,968E-1	1,223E-1	4,189E-2
11.02.2020 12:09:50	2,920E+2	2,968E-1	1,243E-1	4,189E-2
11.02.2020 12:09:51	2,930E+2	3,036E-1	1,284E-1	4,189E-2
11.02.2020 12:09:52	2,940E+2	3,002E-1	1,284E-1	4,189E-2
11.02.2020 12:09:53	2,950E+2	3,071E-1	1,284E-1	4,189E-2
11.02.2020 12:09:54	2,960E+2	3,071E-1	1,284E-1	4,189E-2
11.02.2020 12:09:55	2,970E+2	3,105E-1	1,284E-1	4,189E-2
11.02.2020 12:09:56	2,980E+2	3,139E-1	1,263E-1	4,189E-2
11.02.2020 12:09:57	2,990E+2	3,174E-1	1,223E-1	4,189E-2
11.02.2020 12:09:58	3,000E+2	3,174E-1	1,304E-1	4,189E-2
11.02.2020 12:09:59	3,010E+2	3,208E-1	1,284E-1	4,189E-2
11.02.2020 12:10:00	3,020E+2	3,208E-1	1,243E-1	4,189E-2
11.02.2020 12:10:01	3,030E+2	3,208E-1	1,263E-1	4,189E-2
11.02.2020 12:10:02	3,040E+2	3,243E-1	1,263E-1	4,189E-2
11.02.2020 12:10:03	3,050E+2	3,243E-1	1,304E-1	4,189E-2
11.02.2020 12:10:04	3,060E+2	3,278E-1	1,284E-1	4,189E-2
11.02.2020 12:10:05	3,070E+2	3,278E-1	1,304E-1	4,189E-2
11.02.2020 12:10:06	3,080E+2	3,312E-1	1,284E-1	4,189E-2
11.02.2020 12:10:07	3,090E+2	3,278E-1	1,243E-1	4,189E-2
11.02.2020 12:10:08	3,100E+2	3,312E-1	1,263E-1	4,189E-2
11.02.2020 12:10:09	3,110E+2	3,347E-1	1,223E-1	4,189E-2
11.02.2020 12:10:10	3,120E+2	3,416E-1	1,304E-1	4,189E-2
11.02.2020 12:10:11	3,130E+2	3,381E-1	1,304E-1	4,189E-2
11.02.2020 12:10:12	3,140E+2	3,451E-1	1,223E-1	4,189E-2
11.02.2020 12:10:13	3,150E+2	3,451E-1	1,304E-1	4,189E-2
11.02.2020 12:10:14	3,160E+2	3,486E-1	1,284E-1	4,189E-2
11.02.2020 12:10:15	3,170E+2	3,486E-1	1,263E-1	4,189E-2
11.02.2020 12:10:16	3,180E+2	3,521E-1	1,284E-1	4,189E-2
11.02.2020 12:10:17	3,190E+2	3,556E-1	1,223E-1	4,189E-2
11.02.2020 12:10:18	3,200E+2	3,556E-1	1,243E-1	4,189E-2
11.02.2020 12:10:19	3,210E+2	3,556E-1	1,263E-1	4,189E-2
11.02.2020 12:10:20	3,220E+2	3,591E-1	1,284E-1	4,189E-2
11.02.2020 12:10:21	3,230E+2	3,556E-1	1,223E-1	4,189E-2
11.02.2020 12:10:22	3,240E+2	3,591E-1	1,243E-1	4,189E-2
11.02.2020 12:10:23	3,250E+2	3,626E-1	1,284E-1	4,189E-2
11.02.2020 12:10:24	3,260E+2	3,626E-1	1,284E-1	4,189E-2
11.02.2020 12:10:25	3,270E+2	3,661E-1	1,304E-1	4,189E-2
11.02.2020 12:10:26	3,280E+2	3,696E-1	1,243E-1	4,189E-2
11.02.2020 12:10:27	3,290E+2	3,696E-1	1,304E-1	4,189E-2
11.02.2020 12:10:28	3,300E+2	3,731E-1	1,284E-1	4,189E-2
11.02.2020 12:10:29	3,310E+2	3,731E-1	1,284E-1	4,189E-2
11.02.2020 12:10:30	3,320E+2	3,766E-1	1,223E-1	4,189E-2
11.02.2020 12:10:31	3,330E+2	3,801E-1	1,263E-1	4,189E-2
11.02.2020 12:10:32	3,340E+2	3,801E-1	1,284E-1	4,189E-2
11.02.2020 12:10:33	3,350E+2	3,836E-1	1,284E-1	4,189E-2
11.02.2020 12:10:34	3,360E+2	3,872E-1	1,284E-1	4,189E-2
11.02.2020 12:10:35	3,370E+2	3,872E-1	1,223E-1	4,189E-2
11.02.2020 12:10:36	3,380E+2	3,872E-1	1,304E-1	4,189E-2
11.02.2020 12:10:37	3,390E+2	3,872E-1	1,304E-1	4,189E-2
11.02.2020 12:10:38	3,400E+2	3,872E-1	1,304E-1	4,189E-2
11.02.2020 12:10:39	3,410E+2	3,942E-1	1,304E-1	4,189E-2
11.02.2020 12:10:40	3,420E+2	3,978E-1	1,223E-1	4,189E-2
11.02.2020 12:10:41	3,430E+2	3,978E-1	1,304E-1	4,189E-2
11.02.2020 12:10:42	3,440E+2	4,013E-1	1,223E-1	4,189E-2
11.02.2020 12:10:43	3,450E+2	4,013E-1	1,284E-1	4,189E-2
11.02.2020 12:10:44	3,460E+2	4,048E-1	1,223E-1	4,189E-2
11.02.2020 12:10:45	3,470E+2	4,048E-1	1,223E-1	4,189E-2
11.02.2020 12:10:46	3,480E+2	4,048E-1	1,304E-1	4,189E-2
11.02.2020 12:10:47	3,490E+2	4,120E-1	1,284E-1	4,189E-2
11.02.2020 12:10:48	3,500E+2	4,084E-1	1,284E-1	4,189E-2
11.02.2020 12:10:49	3,510E+2	4,120E-1	1,243E-1	4,189E-2
11.02.2020 12:10:50	3,520E+2	4,155E-1	1,304E-1	4,189E-2
11.02.2020 12:10:51	3,530E+2	4,191E-1	1,263E-1	4,189E-2
11.02.2020 12:10:52	3,540E+2	4,155E-1	1,284E-1	4,189E-2
11.02.2020 12:10:53	3,550E+2	4,191E-1	1,243E-1	4,189E-2
11.02.2020 12:10:54	3,560E+2	4,262E-1	1,223E-1	4,189E-2
11.02.2020 12:10:55	3,570E+2	4,226E-1	1,304E-1	4,189E-2
11.02.2020 12:10:56	3,580E+2	4,262E-1	1,263E-1	4,189E-2
11.02.2020 12:10:57	3,590E+2	4,298E-1	1,263E-1	4,189E-2
11.02.2020 12:10:58	3,600E+2	4,298E-1	1,284E-1	4,189E-2
11.02.2020 12:10:59	3,610E+2	4,298E-1	1,243E-1	4,189E-2
11.02.2020 12:11:00	3,620E+2	4,370E-1	1,284E-1	4,189E-2
11.02.2020 12:11:01	3,630E+2	4,405E-1	1,223E-1	4,189E-2
11.02.2020 12:11:02	3,640E+2	4,405E-1	1,304E-1	4,189E-2
11.02.2020 12:11:03	3,650E+2	4,405E-1	1,223E-1	4,189E-2
11.02.2020 12:11:04	3,660E+2	4,405E-1	1,263E-1	4,189E-2
11.02.2020 12:11:05	3,670E+2	4,405E-1	1,223E-1	4,189E-2
11.02.2020 12:11:06	3,680E+2	4,405E-1	1,223E-1	4,189E-2
11.02.2020 12:11:07	3,690E+2	4,441E-1	1,243E-1	4,189E-2
11.02.2020 12:11:08	3,700E+2	4,441E-1	1,284E-1	4,189E-2
11.02.2020 12:11:09	3,710E+2	4,477E-1	1,263E-1	4,189E-2
11.02.2020 12:11:10	3,720E+2	4,549E-1	1,243E-1	4,189E-2
11.02.2020 12:11:11	3,730E+2	4,549E-1	1,263E-1	4,189E-2
11.02.2020 12:11:12	3,740E+2	4,549E-1	1,223E-1	4,189E-2
11.02.2020 12:11:13	3,750E+2	4,586E-1	1,223E-1	4,189E-2
11.02.2020 12:11:14	3,760E+2	4,586E-1	1,263E-1	4,189E-2
11.02.2020 12:11:15	3,770E+2	4,622E-1	1,223E-1	4,189E-2
11.02.2020 12:11:16	3,780E+2	4,622E-1	1,223E-1	4,189E-2
11.02.2020 12:11:17	3,790E+2	4,694E-1	1,223E-1	4,189E-2
11.02.2020 12:11:18	3,800E+2	4,658E-1	1,243E-1	4,189E-2
11.02.2020 12:11:19	3,810E+2	4,694E-1	1,223E-1	4,189E-2
11.02.2020 12:11:20	3,820E+2	4,694E-1	1,223E-1	4,189E-2
11.02.2020 12:11:21	3,830E+2	4,730E-1	1,223E-1	4,189E-2
11.02.2020 12:11:22	3,840E+2	4,767E-1	1,243E-1	4,189E-2
11.02.2020 12:11:23	3,850E+2	4,694E-1	1,304E-1	4,189E-2
11.02.2020 12:11:24	3,860E+2	4,767E-1	1,243E-1	4,189E-2
11.02.2020 12:11:25	3,870E+2	4,803E-1	1,202E-1	4,189E-2
11.02.2020 12:11:26	3,880E+2	4,803E-1	1,284E-1	4,189E-2
11.02.2020 12:11:27	3,890E+2	4,876E-1	1,223E-1	4,189E-2
11.02.2020 12:11:28	3,900E+2	4,876E-1	1,223E-1	4,189E-2
11.02.2020 12:11:29	3,910E+2	4,876E-1	1,304E-1	4,189E-2
11.02.2020 12:11:30	3,920E+2	4,876E-1	1,263E-1	4,189E-2
11.02.2020 12:11:31	3,930E+2	4,949E-1	1,243E-1	4,189E-2
11.02.2020 12:11:32	3,940E+2	4,949E-1	1,243E-1	4,189E-2
11.02.2020 12:11:33	3,950E+2	4,912E-1	1,304E-1	4,189E-2
11.02.2020 12:11:34	3,960E+2	4,949E-1	1,304E-1	4,189E-2
11.02.2020 12:11:35	3,970E+2	4,985E-1	1,223E-1	4,189E-2
11.02.2020 12:11:36	3,980E+2	4,949E-1	1,263E-1	4,189E-2
11.02.2020 12:11:37	3,990E+2	4,985E-1	1,223E-1	4,189E-2
11.02.2020 12:11:38	4,000E+2	4,985E-1	1,223E-1	4,189E-2
11.02.2020 12:11:39	4,010E+2	5,059E-1	1,284E-1	4,189E-2
11.02.2020 12:11:40	4,020E+2	5,059E-1	1,284E-1	4,189E-2
11.02.2020 12:11:41	4,030E+2	5,095E-1	1,243E-1	4,189E-2
11.02.2020 12:11:42	4,040E+2	5,059E-1	1,284E-1	4,189E-2
11.02.2020 12:11:43	4,050E+2	5,095E-1	1,263E-1	4,189E-2
11.02.2020 12:11:44	4,060E+2	5,132E-1	1,263E-1	4,189E-2
11.02.2020 12:11:45	4,070E+2	5,132E-1	1,223E-1	4,189E-2
11.02.2020 12:11:46	4,080E+2	5,132E-1	1,284E-1	4,189E-2
11.02.2020 12:11:47	4,090E+2	5,169E-1	1,223E-1	4,189E-2
11.02.2020 12:11:48	4,100E+2	5,206E-1	1,263E-1	4,189E-2
11.02.2020 12:11:49	4,110E+2	5,243E-1	1,223E-1	4,189E-2
11.02.2020 12:11:50	4,120E+2	5,280E-1	1,243E-1	4,189E-2
11.02.2020 12:11:51	4,130E+2	5,280E-1	1,243E-1	4,189E-2
11.02.2020 12:11:52	4,140E+2	5,280E-1	1,263E-1	4,189E-2
11.02.2020 12:11:53	4,150E+2	5,317E-1	1,243E-1	4,189E-2
11.02.2020 12:11:54	4,160E+2	5,317E-1	1,202E-1	4,189E-2
11.02.2020 12:11:55	4,170E+2	5,317E-1	1,284E-1	4,189E-2
11.02.2020 12:11:56	4,180E+2	5,354E-1	1,304E-1	4,189E-2
11.02.2020 12:11:57	4,190E+2	5,354E-1	1,284E-1	4,189E-2
11.02.2020 12:11:58	4,200E+2	5,354E-1	1,304E-1	4,189E-2
11.02.2020 12:11:59	4,210E+2	5,428E-1	1,223E-1	4,189E-2
11.02.2020 12:12:00	4,220E+2	5,428E-1	1,243E-1	4,189E-2
11.02.2020 12:12:01	4,230E+2	5,391E-1	1,284E-1	4,189E-2
11.02.2020 12:12:02	4,240E+2	5,428E-1	1,243E-1	4,189E-2
11.02.2020 12:12:03	4,250E+2	5,502E-1	1,243E-1	4,189E-2
11.02.2020 12:12:04	4,260E+2	5,502E-1	1,284E-1	4,189E-2
11.02.2020 12:12:05	4,270E+2	5,577E-1	1,263E-1	4,189E-2
11.02.2020 12:12:06	4,280E+2	5,502E-1	1,304E-1	4,189E-2
11.02.2020 12:12:07	4,290E+2	5,540E-1	1,284E-1	4,189E-2
11.02.2020 12:12:08	4,300E+2	5,577E-1	1,243E-1	4,189E-2
11.02.2020 12:12:09	4,310E+2	5,540E-1	1,243E-1	4,189E-2
11.02.2020 12:12:10	4,320E+2	5,614E-1	1,263E-1	4,189E-2
11.02.2020 12:12:11	4,330E+2	5,652E-1	1,263E-1	4,189E-2
11.02.2020 12:12:12	4,340E+2	5,614E-1	1,304E-1	4,189E-2
11.02.2020 12:12:13	4,350E+2	5,689E-1	1,223E-1	4,189E-2
11.02.2020 12:12:14	4,360E+2	5,652E-1	1,304E-1	4,189E-2
11.02.2020 12:12:15	4,370E+2	5,689E-1	1,223E-1	4,189E-2
11.02.2020 12:12:16	4,380E+2	5,726E-1	1,263E-1	4,189E-2
11.02.2020 12:12:17	4,390E+2	5,689E-1	1,223E-1	4,189E-2
11.02.2020 12:12:18	4,400E+2	5,726E-1	1,243E-1	4,189E-2
11.02.2020 12:12:19	4,410E+2	5,726E-1	1,263E-1	4,189E-2
11.02.2020 12:12:20	4,420E+2	5,726E-1	1,263E-1	4,189E-2
11.02.2020 12:12:21	4,430E+2	5,764E-1	1,263E-1	4,189E-2
11.02.2020 12:12:22	4,440E+2	5,764E-1	1,223E-1	4,189E-2
11.02.2020 12:12:23	4,450E+2	5,839E-1	1,284E-1	4,189E-2
11.02.2020 12:12:24	4,460E+2	5,839E-1	1,243E-1	4,189E-2
11.02.2020 12:12:25	4,470E+2	5,839E-1	1,284E-1	4,189E-2
11.02.2020 12:12:26	4,480E+2	5,877E-1	1,243E-1	4,189E-2
11.02.2020 12:12:27	4,490E+2	5,839E-1	1,223E-1	4,189E-2
11.02.2020 12:12:28	4,500E+2	5,877E-1	1,223E-1	4,189E-2
11.02.2020 12:12:29	4,510E+2	5,877E-1	1,284E-1	4,189E-2
11.02.2020 12:12:30	4,520E+2	5,952E-1	1,243E-1	4,189E-2
11.02.2020 12:12:31	4,530E+2	5,915E-1	1,304E-1	4,189E-2
11.02.2020 12:12:32	4,540E+2	5,915E-1	1,223E-1	4,189E-2
11.02.2020 12:12:33	4,550E+2	6,028E-1	1,223E-1	4,189E-2
11.02.2020 12:12:34	4,560E+2	6,028E-1	1,223E-1	4,189E-2
11.02.2020 12:12:35	4,570E+2	6,066E-1	1,223E-1	4,189E-2
11.02.2020 12:12:36	4,580E+2	6,028E-1	1,263E-1	4,189E-2
11.02.2020 12:12:37	4,590E+2	6,028E-1	1,263E-1	4,189E-2
11.02.2020 12:12:38	4,600E+2	6,066E-1	1,243E-1	4,189E-2
11.02.2020 12:12:39	4,610E+2	6,066E-1	1,304E-1	4,189E-2
11.02.2020 12:12:40	4,620E+2	6,066E-1	1,223E-1	4,189E-2
11.02.2020 12:12:41	4,630E+2	6,142E-1	1,223E-1	4,189E-2
11.02.2020 12:12:42	4,640E+2	6,180E-1	1,263E-1	4,189E-2
11.02.2020 12:12:43	4,650E+2	6,180E-1	1,223E-1	4,189E-2
11.02.2020 12:12:44	4,660E+2	6,142E-1	1,223E-1	4,189E-2
11.02.2020 12:12:45	4,670E+2	6,142E-1	1,243E-1	4,189E-2
11.02.2020 12:12:46	4,680E+2	6,180E-1	1,223E-1	4,189E-2
11.02.2020 12:12:47	4,690E+2	6,218E-1	1,263E-1	4,189E-2
11.02.2020 12:12:48	4,700E+2	6,218E-1	1,223E-1	4,189E-2
11.02.2020 12:12:49	4,710E+2	6,256E-1	1,284E-1	4,189E-2
11.02.2020 12:12:50	4,720E+2	6,256E-1	1,304E-1	4,189E-2
11.02.2020 12:12:51	4,730E+2	6,294E-1	1,243E-1	4,189E-2
11.02.2020 12:12:52	4,740E+2	6,256E-1	1,304E-1	4,189E-2
11.02.2020 12:12:53	4,750E+2	6,332E-1	1,223E-1	4,189E-2
11.02.2020 12:12:54	4,760E+2	6,332E-1	1,284E-1	4,189E-2
11.02.2020 12:12:55	4,770E+2	6,332E-1	1,263E-1	4,189E-2
11.02.2020 12:12:56	4,780E+2	6,332E-1	1,284E-1	4,189E-2
11.02.2020 12:12:57	4,790E+2	6,371E-1	1,263E-1	4,189E-2
11.02.2020 12:12:58	4,800E+2	6,371E-1	1,243E-1	4,189E-2
11.02.2020 12:12:59	4,810E+2	6,409E-1	1,223E-1	4,189E-2
11.02.2020 12:13:00	4,820E+2	6,447E-1	1,304E-1	4,189E-2
11.02.2020 12:13:01	4,830E+2	6,486E-1	1,304E-1	4,189E-2
11.02.2020 12:13:02	4,840E+2	6,486E-1	1,284E-1	4,189E-2
11.02.2020 12:13:03	4,850E+2	6,486E-1	1,284E-1	4,189E-2
11.02.2020 12:13:04	4,860E+2	6,563E-1	1,284E-1	4,189E-2
11.02.2020 12:13:05	4,870E+2	6,601E-1	1,223E-1	4,189E-2
11.02.2020 12:13:06	4,880E+2	6,563E-1	1,223E-1	4,189E-2
11.02.2020 12:13:07	4,890E+2	6,524E-1	1,263E-1	4,189E-2
11.02.2020 12:13:08	4,900E+2	6,563E-1	1,284E-1	4,189E-2
11.02.2020 12:13:09	4,910E+2	6,640E-1	1,263E-1	4,189E-2
11.02.2020 12:13:10	4,920E+2	6,679E-1	1,223E-1	4,189E-2
11.02.2020 12:13:11	4,930E+2	6,640E-1	1,223E-1	4,189E-2
11.02.2020 12:13:12	4,940E+2	6,640E-1	1,243E-1	4,189E-2
11.02.2020 12:13:13	4,950E+2	6,679E-1	1,263E-1	4,189E-2
11.02.2020 12:13:14	4,960E+2	6,717E-1	1,223E-1	4,189E-2
11.02.2020 12:13:15	4,970E+2	6,717E-1	1,263E-1	4,189E-2
11.02.2020 12:13:16	4,980E+2	6,756E-1	1,223E-1	4,189E-2
11.02.2020 12:13:17	4,990E+2	6,717E-1	1,223E-1	4,189E-2
11.02.2020 12:13:18	5,000E+2	6,717E-1	1,284E-1	4,189E-2
11.02.2020 12:13:19	5,010E+2	6,795E-1	1,304E-1	4,189E-2
11.02.2020 12:13:20	5,020E+2	6,834E-1	1,284E-1	4,189E-2
11.02.2020 12:13:21	5,030E+2	6,795E-1	1,223E-1	4,189E-2
11.02.2020 12:13:22	5,040E+2	6,795E-1	1,243E-1	4,189E-2
11.02.2020 12:13:23	5,050E+2	6,834E-1	1,263E-1	4,189E-2
11.02.2020 12:13:24	5,060E+2	6,795E-1	1,284E-1	4,189E-2
11.02.2020 12:13:25	5,070E+2	6,834E-1	1,223E-1	4,189E-2
11.02.2020 12:13:26	5,080E+2	6,873E-1	1,202E-1	4,189E-2
11.02.2020 12:13:27	5,090E+2	6,873E-1	1,243E-1	4,189E-2
11.02.2020 12:13:28	5,100E+2	6,951E-1	1,284E-1	4,189E-2
11.02.2020 12:13:29	5,110E+2	6,951E-1	1,223E-1	4,189E-2
11.02.2020 12:13:30	5,120E+2	6,951E-1	1,243E-1	4,189E-2
11.02.2020 12:13:31	5,130E+2	6,990E-1	1,243E-1	4,189E-2
11.02.2020 12:13:32	5,140E+2	7,029E-1	1,284E-1	4,189E-2
11.02.2020 12:13:33	5,150E+2	6,990E-1	1,243E-1	4,189E-2
11.02.2020 12:13:34	5,160E+2	6,990E-1	1,263E-1	4,189E-2
11.02.2020 12:13:35	5,170E+2	7,029E-1	1,304E-1	4,189E-2
11.02.2020 12:13:36	5,180E+2	7,068E-1	1,223E-1	4,189E-2
11.02.2020 12:13:37	5,190E+2	7,068E-1	1,304E-1	4,189E-2
11.02.2020 12:13:38	5,200E+2	7,068E-1	1,284E-1	4,189E-2
11.02.2020 12:13:39	5,210E+2	7,068E-1	1,243E-1	4,189E-2
11.02.2020 12:13:40	5,220E+2	7,147E-1	1,243E-1	4,189E-2
11.02.2020 12:13:41	5,230E+2	7,147E-1	1,243E-1	4,189E-2
11.02.2020 12:13:42	5,240E+2	7,147E-1	1,223E-1	4,189E-2
11.02.2020 12:13:43	5,250E+2	7,186E-1	1,263E-1	4,189E-2
11.02.2020 12:13:44	5,260E+2	7,225E-1	1,223E-1	4,189E-2
11.02.2020 12:13:45	5,270E+2	7,186E-1	1,263E-1	4,189E-2
11.02.2020 12:13:46	5,280E+2	7,265E-1	1,284E-1	4,189E-2
11.02.2020 12:13:47	5,290E+2	7,225E-1	1,284E-1	4,189E-2
11.02.2020 12:13:48	5,300E+2	7,225E-1	1,263E-1	4,189E-2
11.02.2020 12:13:49	5,310E+2	7,265E-1	1,263E-1	4,189E-2
11.02.2020 12:13:50	5,320E+2	7,304E-1	1,223E-1	4,189E-2
11.02.2020 12:13:51	5,330E+2	7,304E-1	1,263E-1	4,189E-2
11.02.2020 12:13:52	5,340E+2	7,304E-1	1,284E-1	4,189E-2
11.02.2020 12:13:53	5,350E+2	7,265E-1	1,243E-1	4,189E-2
11.02.2020 12:13:54	5,360E+2	7,304E-1	1,263E-1	4,189E-2
11.02.2020 12:13:55	5,370E+2	7,344E-1	1,263E-1	4,189E-2
11.02.2020 12:13:56	5,380E+2	7,383E-1	1,263E-1	4,189E-2
11.02.2020 12:13:57	5,390E+2	7,383E-1	1,223E-1	4,189E-2
11.02.2020 12:13:58	5,400E+2	7,423E-1	1,223E-1	4,189E-2
11.02.2020 12:13:59	5,410E+2	7,423E-1	1,304E-1	4,189E-2
11.02.2020 12:14:00	5,420E+2	7,423E-1	1,284E-1	4,189E-2
11.02.2020 12:14:01	5,430E+2	7,463E-1	1,263E-1	4,189E-2
11.02.2020 12:14:02	5,440E+2	7,463E-1	1,263E-1	4,189E-2
11.02.2020 12:14:03	5,450E+2	7,502E-1	1,223E-1	4,189E-2
11.02.2020 12:14:04	5,460E+2	7,463E-1	1,223E-1	4,189E-2
11.02.2020 12:14:05	5,470E+2	7,463E-1	1,304E-1	4,189E-2
11.02.2020 12:14:06	5,480E+2	7,502E-1	1,304E-1	4,189E-2
11.02.2020 12:14:07	5,490E+2	7,542E-1	1,243E-1	4,189E-2
11.02.2020 12:14:08	5,500E+2	7,582E-1	1,243E-1	4,189E-2
11.02.2020 12:14:09	5,510E+2	7,582E-1	1,284E-1	4,189E-2
11.02.2020 12:14:10	5,520E+2	7,582E-1	1,304E-1	4,189E-2
11.02.2020 12:14:11	5,530E+2	7,582E-1	1,263E-1	4,189E-2
11.02.2020 12:14:12	5,540E+2	7,582E-1	1,284E-1	4,189E-2
11.02.2020 12:14:13	5,550E+2	7,622E-1	1,223E-1	4,189E-2
11.02.2020 12:14:14	5,560E+2	7,622E-1	1,263E-1	4,189E-2
11.02.2020 12:14:15	5,570E+2	7,662E-1	1,243E-1	4,189E-2
11.02.2020 12:14:16	5,580E+2	7,742E-1	1,284E-1	4,189E-2
11.02.2020 12:14:17	5,590E+2	7,742E-1	1,304E-1	4,189E-2
11.02.2020 12:14:18	5,600E+2	7,782E-1	1,263E-1	4,189E-2
11.02.2020 12:14:19	5,610E+2	7,742E-1	1,284E-1	4,189E-2
11.02.2020 12:14:20	5,620E+2	7,782E-1	1,223E-1	4,189E-2
11.02.2020 12:14:21	5,630E+2	7,782E-1	1,284E-1	4,189E-2
11.02.2020 12:14:22	5,640E+2	7,782E-1	1,223E-1	4,189E-2
11.02.2020 12:14:23	5,650E+2	7,822E-1	1,223E-1	4,189E-2
11.02.2020 12:14:24	5,660E+2	7,822E-1	1,223E-1	4,189E-2
11.02.2020 12:14:25	5,670E+2	7,822E-1	1,263E-1	4,189E-2
11.02.2020 12:14:26	5,680E+2	7,862E-1	1,243E-1	4,189E-2
11.02.2020 12:14:27	5,690E+2	7,902E-1	1,223E-1	4,189E-2
11.02.2020 12:14:28	5,700E+2	7,902E-1	1,223E-1	4,189E-2
11.02.2020 12:14:29	5,710E+2	7,902E-1	1,243E-1	4,189E-2
11.02.2020 12:14:30	5,720E+2	7,902E-1	1,284E-1	4,189E-2
11.02.2020 12:14:31	5,730E+2	7,943E-1	1,284E-1	4,189E-2
11.02.2020 12:14:32	5,740E+2	7,943E-1	1,223E-1	4,189E-2
11.02.2020 12:14:33	5,750E+2	7,943E-1	1,304E-1	4,189E-2
11.02.2020 12:14:34	5,760E+2	7,983E-1	1,284E-1	4,189E-2
11.02.2020 12:14:35	5,770E+2	8,023E-1	1,223E-1	4,189E-2
11.02.2020 12:14:36	5,780E+2	8,023E-1	1,223E-1	4,189E-2
11.02.2020 12:14:37	5,790E+2	8,023E-1	1,284E-1	4,189E-2
11.02.2020 12:14:38	5,800E+2	8,064E-1	1,284E-1	4,189E-2
11.02.2020 12:14:39	5,810E+2	8,023E-1	1,284E-1	4,189E-2
11.02.2020 12:14:40	5,820E+2	8,104E-1	1,263E-1	4,189E-2
11.02.2020 12:14:41	5,830E+2	8,104E-1	1,263E-1	4,189E-2
11.02.2020 12:14:42	5,840E+2	8,104E-1	1,223E-1	4,189E-2
11.02.2020 12:14:43	5,850E+2	8,104E-1	1,284E-1	4,189E-2
11.02.2020 12:14:44	5,860E+2	8,104E-1	1,263E-1	4,189E-2
11.02.2020 12:14:45	5,870E+2	8,145E-1	1,223E-1	4,189E-2
11.02.2020 12:14:46	5,880E+2	8,145E-1	1,304E-1	4,189E-2
11.02.2020 12:14:47	5,890E+2	8,186E-1	1,223E-1	4,189E-2
11.02.2020 12:14:48	5,900E+2	8,186E-1	1,284E-1	4,189E-2
11.02.2020 12:14:49	5,910E+2	8,145E-1	1,304E-1	4,189E-2
11.02.2020 12:14:50	5,920E+2	8,186E-1	1,263E-1	4,189E-2
11.02.2020 12:14:51	5,930E+2	8,226E-1	1,263E-1	4,189E-2
11.02.2020 12:14:52	5,940E+2	8,267E-1	1,263E-1	4,189E-2
11.02.2020 12:14:53	5,950E+2	8,267E-1	1,304E-1	4,189E-2
11.02.2020 12:14:54	5,960E+2	8,267E-1	1,202E-1	4,189E-2
11.02.2020 12:14:55	5,970E+2	8,267E-1	1,263E-1	4,189E-2
11.02.2020 12:14:56	5,980E+2	8,308E-1	1,243E-1	4,189E-2
11.02.2020 12:14:57	5,990E+2	8,308E-1	1,223E-1	4,189E-2
11.02.2020 12:14:58	6,000E+2	8,390E-1	1,243E-1	4,189E-2
11.02.2020 12:14:59	6,010E+2	8,349E-1	1,284E-1	4,189E-2
11.02.2020 12:15:00	6,020E+2	8,390E-1	1,284E-1	4,189E-2
11.02.2020 12:15:01	6,030E+2	8,349E-1	1,284E-1	4,189E-2
11.02.2020 12:15:02	6,040E+2	8,390E-1	1,304E-1	4,189E-2
11.02.2020 12:15:03	6,050E+2	8,431E-1	1,223E-1	4,189E-2
11.02.2020 12:15:04	6,060E+2	8,472E-1	1,223E-1	4,189E-2
11.02.2020 12:15:05	6,070E+2	8,472E-1	1,223E-1	4,189E-2
11.02.2020 12:15:06	6,080E+2	8,431E-1	1,284E-1	4,189E-2
11.02.2020 12:15:07	6,090E+2	8,513E-1	1,223E-1	4,189E-2
11.02.2020 12:15:08	6,100E+2	8,554E-1	1,263E-1	4,189E-2
11.02.2020 12:15:09	6,110E+2	8,554E-1	1,263E-1	4,189E-2
11.02.2020 12:15:10	6,120E+2	8,595E-1	1,223E-1	4,189E-2
11.02.2020 12:15:11	6,130E+2	8,554E-1	1,263E-1	4,189E-2
11.02.2020 12:15:12	6,140E+2	8,595E-1	1,284E-1	4,189E-2
11.02.2020 12:15:13	6,150E+2	8,595E-1	1,243E-1	4,189E-2
11.02.2020 12:15:14	6,160E+2	8,636E-1	1,223E-1	4,189E-2
11.02.2020 12:15:15	6,170E+2	8,677E-1	1,304E-1	4,189E-2
11.02.2020 12:15:16	6,180E+2	8,677E-1	1,243E-1	4,189E-2
11.02.2020 12:15:17	6,190E+2	8,677E-1	1,263E-1	4,189E-2
11.02.2020 12:15:18	6,200E+2	8,719E-1	1,223E-1	4,189E-2
11.02.2020 12:15:19	6,210E+2	8,677E-1	1,223E-1	4,189E-2
11.02.2020 12:15:20	6,220E+2	8,760E-1	1,223E-1	4,189E-2
11.02.2020 12:15:21	6,230E+2	8,719E-1	1,284E-1	4,189E-2
11.02.2020 12:15:22	6,240E+2	8,719E-1	1,243E-1	4,189E-2
11.02.2020 12:15:23	6,250E+2	8,802E-1	1,284E-1	4,189E-2
11.02.2020 12:15:24	6,260E+2	8,760E-1	1,304E-1	4,189E-2
11.02.2020 12:15:25	6,270E+2	8,802E-1	1,223E-1	4,189E-2
11.02.2020 12:15:26	6,280E+2	8,802E-1	1,243E-1	4,189E-2
11.02.2020 12:15:27	6,290E+2	8,843E-1	1,263E-1	4,189E-2
11.02.2020 12:15:28	6,300E+2	8,843E-1	1,202E-1	4,189E-2
11.02.2020 12:15:29	6,310E+2	8,843E-1	1,263E-1	4,189E-2
11.02.2020 12:15:30	6,320E+2	8,843E-1	1,284E-1	4,189E-2
11.02.2020 12:15:31	6,330E+2	8,885E-1	1,243E-1	4,189E-2
11.02.2020 12:15:32	6,340E+2	8,885E-1	1,284E-1	4,189E-2
11.02.2020 12:15:33	6,350E+2	8,926E-1	1,243E-1	4,189E-2
11.02.2020 12:15:34	6,360E+2	8,926E-1	1,304E-1	4,189E-2
11.02.2020 12:15:35	6,370E+2	8,968E-1	1,223E-1	4,189E-2
11.02.2020 12:15:36	6,380E+2	8,926E-1	1,284E-1	4,189E-2
11.02.2020 12:15:37	6,390E+2	8,968E-1	1,243E-1	4,189E-2
11.02.2020 12:15:38	6,400E+2	9,010E-1	1,263E-1	4,189E-2
11.02.2020 12:15:39	6,410E+2	8,968E-1	1,284E-1	4,189E-2
11.02.2020 12:15:40	6,420E+2	9,010E-1	1,263E-1	4,189E-2
11.02.2020 12:15:41	6,430E+2	9,052E-1	1,263E-1	4,189E-2
11.02.2020 12:15:42	6,440E+2	9,052E-1	1,263E-1	4,189E-2
11.02.2020 12:15:43	6,450E+2	9,052E-1	1,284E-1	4,189E-2
11.02.2020 12:15:44	6,460E+2	9,052E-1	1,243E-1	4,189E-2
11.02.2020 12:15:45	6,470E+2	9,093E-1	1,263E-1	4,189E-2
11.02.2020 12:15:46	6,480E+2	9,093E-1	1,263E-1	4,189E-2
11.02.2020 12:15:47	6,490E+2	9,135E-1	1,223E-1	4,189E-2
11.02.2020 12:15:48	6,500E+2	9,135E-1	1,284E-1	4,189E-2
11.02.2020 12:15:49	6,510E+2	9,177E-1	1,243E-1	4,189E-2
11.02.2020 12:15:50	6,520E+2	9,219E-1	1,284E-1	4,189E-2
11.02.2020 12:15:51	6,530E+2	9,177E-1	1,263E-1	4,189E-2
11.02.2020 12:15:52	6,540E+2	9,177E-1	1,243E-1	4,189E-2
11.02.2020 12:15:53	6,550E+2	9,219E-1	1,284E-1	4,189E-2
11.02.2020 12:15:54	6,560E+2	9,219E-1	1,263E-1	4,189E-2
11.02.2020 12:15:55	6,570E+2	9,219E-1	1,263E-1	4,189E-2
11.02.2020 12:15:56	6,580E+2	9,261E-1	1,284E-1	4,189E-2
11.02.2020 12:15:57	6,590E+2	9,261E-1	1,243E-1	4,189E-2
11.02.2020 12:15:58	6,600E+2	9,261E-1	1,284E-1	4,189E-2
11.02.2020 12:15:59	6,610E+2	9,261E-1	1,263E-1	4,189E-2
11.02.2020 12:16:00	6,620E+2	9,304E-1	1,304E-1	4,189E-2
11.02.2020 12:16:01	6,630E+2	9,261E-1	1,284E-1	4,189E-2
11.02.2020 12:16:02	6,640E+2	9,346E-1	1,223E-1	4,189E-2
11.02.2020 12:16:03	6,650E+2	9,346E-1	1,263E-1	4,189E-2
11.02.2020 12:16:04	6,660E+2	9,388E-1	1,243E-1	4,189E-2
11.02.2020 12:16:05	6,670E+2	9,346E-1	1,243E-1	4,189E-2
11.02.2020 12:16:06	6,680E+2	9,388E-1	1,223E-1	4,189E-2
11.02.2020 12:16:07	6,690E+2	9,388E-1	1,284E-1	4,189E-2
11.02.2020 12:16:08	6,700E+2	9,430E-1	1,304E-1	4,189E-2
11.02.2020 12:16:09	6,710E+2	9,430E-1	1,284E-1	4,189E-2
11.02.2020 12:16:10	6,720E+2	9,473E-1	1,263E-1	4,189E-2
11.02.2020 12:16:11	6,730E+2	9,473E-1	1,263E-1	4,189E-2
11.02.2020 12:16:12	6,740E+2	9,473E-1	1,284E-1	4,189E-2
11.02.2020 12:16:13	6,750E+2	9,473E-1	1,263E-1	4,189E-2
11.02.2020 12:16:14	6,760E+2	9,515E-1	1,284E-1	4,189E-2
11.02.2020 12:16:15	6,770E+2	9,473E-1	1,263E-1	4,189E-2
11.02.2020 12:16:16	6,780E+2	9,515E-1	1,304E-1	4,189E-2
11.02.2020 12:16:17	6,790E+2	9,558E-1	1,284E-1	4,189E-2
11.02.2020 12:16:18	6,800E+2	9,558E-1	1,243E-1	4,189E-2
11.02.2020 12:16:19	6,810E+2	9,558E-1	1,223E-1	4,189E-2
11.02.2020 12:16:20	6,820E+2	9,600E-1	1,263E-1	4,189E-2
11.02.2020 12:16:21	6,830E+2	9,600E-1	1,223E-1	4,189E-2
11.02.2020 12:16:22	6,840E+2	9,686E-1	1,223E-1	4,189E-2
11.02.2020 12:16:23	6,850E+2	9,643E-1	1,304E-1	4,189E-2
11.02.2020 12:16:24	6,860E+2	9,643E-1	1,243E-1	4,189E-2
11.02.2020 12:16:25	6,870E+2	9,686E-1	1,284E-1	4,189E-2
11.02.2020 12:16:26	6,880E+2	9,686E-1	1,223E-1	4,189E-2
11.02.2020 12:16:27	6,890E+2	9,686E-1	1,263E-1	4,189E-2
11.02.2020 12:16:28	6,900E+2	9,728E-1	1,284E-1	4,189E-2
11.02.2020 12:16:29	6,910E+2	9,728E-1	1,243E-1	4,189E-2
11.02.2020 12:16:30	6,920E+2	9,728E-1	1,263E-1	4,189E-2
11.02.2020 12:16:31	6,930E+2	9,771E-1	1,243E-1	4,189E-2
11.02.2020 12:16:32	6,940E+2	9,771E-1	1,243E-1	4,189E-2
11.02.2020 12:16:33	6,950E+2	9,814E-1	1,284E-1	4,189E-2
11.02.2020 12:16:34	6,960E+2	9,814E-1	1,223E-1	4,189E-2
11.02.2020 12:16:35	6,970E+2	9,814E-1	1,243E-1	4,189E-2
11.02.2020 12:16:36	6,980E+2	9,857E-1	1,263E-1	4,189E-2
11.02.2020 12:16:37	6,990E+2	9,900E-1	1,243E-1	4,189E-2
11.02.2020 12:16:38	7,000E+2	9,857E-1	1,304E-1	4,189E-2
11.02.2020 12:16:39	7,010E+2	9,900E-1	1,223E-1	4,189E-2
11.02.2020 12:16:40	7,020E+2	9,900E-1	1,223E-1	4,189E-2
11.02.2020 12:16:41	7,030E+2	9,943E-1	1,263E-1	4,189E-2
11.02.2020 12:16:42	7,040E+2	9,900E-1	1,263E-1	4,189E-2
11.02.2020 12:16:43	7,050E+2	9,900E-1	1,243E-1	4,189E-2
11.02.2020 12:16:44	7,060E+2	9,986E-1	1,243E-1	4,189E-2
11.02.2020 12:16:45	7,070E+2	9,986E-1	1,304E-1	4,189E-2
11.02.2020 12:16:46	7,080E+2	1,003E+0	1,284E-1	4,189E-2
11.02.2020 12:16:47	7,090E+2	9,986E-1	1,304E-1	4,189E-2
11.02.2020 12:16:48	7,100E+2	9,986E-1	1,243E-1	4,189E-2
11.02.2020 12:16:49	7,110E+2	1,003E+0	1,304E-1	4,189E-2
11.02.2020 12:16:50	7,120E+2	1,003E+0	1,243E-1	4,189E-2
11.02.2020 12:16:51	7,130E+2	1,003E+0	1,263E-1	4,189E-2
11.02.2020 12:16:52	7,140E+2	1,007E+0	1,284E-1	4,189E-2
11.02.2020 12:16:53	7,150E+2	1,012E+0	1,223E-1	4,189E-2
11.02.2020 12:16:54	7,160E+2	1,007E+0	1,284E-1	4,189E-2
11.02.2020 12:16:55	7,170E+2	1,012E+0	1,223E-1	4,189E-2
11.02.2020 12:16:56	7,180E+2	1,012E+0	1,263E-1	4,189E-2
11.02.2020 12:16:57	7,190E+2	1,007E+0	1,284E-1	4,189E-2
11.02.2020 12:16:58	7,200E+2	1,012E+0	1,243E-1	4,189E-2
11.02.2020 12:16:59	7,210E+2	1,012E+0	1,263E-1	4,189E-2
11.02.2020 12:17:00	7,220E+2	1,012E+0	1,284E-1	4,189E-2
11.02.2020 12:17:01	7,230E+2	1,016E+0	1,223E-1	4,189E-2
11.02.2020 12:17:02	7,240E+2	1,020E+0	1,284E-1	4,189E-2
11.02.2020 12:17:03	7,250E+2	1,025E+0	1,223E-1	4,189E-2
11.02.2020 12:17:04	7,260E+2	1,025E+0	1,263E-1	4,189E-2
11.02.2020 12:17:05	7,270E+2	1,025E+0	1,263E-1	4,189E-2
11.02.2020 12:17:06	7,280E+2	1,029E+0	1,223E-1	4,189E-2
11.02.2020 12:17:07	7,290E+2	1,025E+0	1,263E-1	4,189E-2
11.02.2020 12:17:08	7,300E+2	1,029E+0	1,223E-1	4,189E-2
11.02.2020 12:17:09	7,310E+2	1,029E+0	1,223E-1	4,189E-2
11.02.2020 12:17:10	7,320E+2	1,029E+0	1,284E-1	4,189E-2
11.02.2020 12:17:11	7,330E+2	1,033E+0	1,263E-1	4,189E-2
11.02.2020 12:17:12	7,340E+2	1,038E+0	1,263E-1	4,189E-2
11.02.2020 12:17:13	7,350E+2	1,033E+0	1,243E-1	4,189E-2
11.02.2020 12:17:14	7,360E+2	1,038E+0	1,284E-1	4,189E-2
11.02.2020 12:17:15	7,370E+2	1,038E+0	1,284E-1	4,189E-2
11.02.2020 12:17:16	7,380E+2	1,038E+0	1,243E-1	4,189E-2
11.02.2020 12:17:17	7,390E+2	1,042E+0	1,223E-1	4,189E-2
11.02.2020 12:17:18	7,400E+2	1,042E+0	1,304E-1	4,189E-2
11.02.2020 12:17:19	7,410E+2	1,046E+0	1,304E-1	4,189E-2
11.02.2020 12:17:20	7,420E+2	1,046E+0	1,304E-1	4,189E-2
11.02.2020 12:17:21	7,430E+2	1,046E+0	1,284E-1	4,189E-2
11.02.2020 12:17:22	7,440E+2	1,046E+0	1,284E-1	4,189E-2
11.02.2020 12:17:23	7,450E+2	1,051E+0	1,284E-1	4,189E-2
11.02.2020 12:17:24	7,460E+2	1,055E+0	1,243E-1	4,189E-2
11.02.2020 12:17:25	7,470E+2	1,055E+0	1,263E-1	4,189E-2
11.02.2020 12:17:26	7,480E+2	1,060E+0	1,223E-1	4,189E-2
11.02.2020 12:17:27	7,490E+2	1,064E+0	1,263E-1	4,189E-2
11.02.2020 12:17:28	7,500E+2	1,060E+0	1,263E-1	4,189E-2
11.02.2020 12:17:29	7,510E+2	1,055E+0	1,304E-1	4,189E-2
11.02.2020 12:17:30	7,520E+2	1,060E+0	1,263E-1	4,189E-2
11.02.2020 12:17:31	7,530E+2	1,064E+0	1,243E-1	4,189E-2
11.02.2020 12:17:32	7,540E+2	1,064E+0	1,243E-1	4,189E-2
11.02.2020 12:17:33	7,550E+2	1,068E+0	1,223E-1	4,189E-2
11.02.2020 12:17:34	7,560E+2	1,068E+0	1,202E-1	4,189E-2
11.02.2020 12:17:35	7,570E+2	1,073E+0	1,263E-1	4,189E-2
11.02.2020 12:17:36	7,580E+2	1,073E+0	1,263E-1	4,189E-2
11.02.2020 12:17:37	7,590E+2	1,077E+0	1,304E-1	4,189E-2
11.02.2020 12:17:38	7,600E+2	1,073E+0	1,263E-1	4,189E-2
11.02.2020 12:17:39	7,610E+2	1,077E+0	1,243E-1	4,189E-2
11.02.2020 12:17:40	7,620E+2	1,082E+0	1,223E-1	4,189E-2
11.02.2020 12:17:41	7,630E+2	1,077E+0	1,263E-1	4,189E-2
11.02.2020 12:17:42	7,640E+2	1,077E+0	1,284E-1	4,189E-2
11.02.2020 12:17:43	7,650E+2	1,082E+0	1,243E-1	4,189E-2
11.02.2020 12:17:44	7,660E+2	1,082E+0	1,243E-1	4,189E-2
11.02.2020 12:17:45	7,670E+2	1,086E+0	1,223E-1	4,189E-2
11.02.2020 12:17:46	7,680E+2	1,086E+0	1,223E-1	4,189E-2
11.02.2020 12:17:47	7,690E+2	1,086E+0	1,223E-1	4,189E-2
11.02.2020 12:17:48	7,700E+2	1,086E+0	1,223E-1	4,189E-2
11.02.2020 12:17:49	7,710E+2	1,086E+0	1,263E-1	4,189E-2
11.02.2020 12:17:50	7,720E+2	1,086E+0	1,223E-1	4,189E-2
11.02.2020 12:17:51	7,730E+2	1,091E+0	1,223E-1	4,189E-2
11.02.2020 12:17:52	7,740E+2	1,095E+0	1,243E-1	4,189E-2
11.02.2020 12:17:53	7,750E+2	1,091E+0	1,243E-1	4,189E-2
11.02.2020 12:17:54	7,760E+2	1,095E+0	1,263E-1	4,189E-2
11.02.2020 12:17:55	7,770E+2	1,095E+0	1,263E-1	4,189E-2
11.02.2020 12:17:56	7,780E+2	1,095E+0	1,304E-1	4,189E-2
11.02.2020 12:17:57	7,790E+2	1,095E+0	1,284E-1	4,189E-2
11.02.2020 12:17:58	7,800E+2	1,099E+0	1,263E-1	4,189E-2
11.02.2020 12:17:59	7,810E+2	1,099E+0	1,284E-1	4,189E-2
11.02.2020 12:18:00	7,820E+2	1,104E+0	1,284E-1	4,189E-2
11.02.2020 12:18:01	7,830E+2	1,104E+0	1,243E-1	4,189E-2
11.02.2020 12:18:02	7,840E+2	1,108E+0	1,223E-1	4,189E-2
11.02.2020 12:18:03	7,850E+2	1,108E+0	1,223E-1	4,189E-2
11.02.2020 12:18:04	7,860E+2	1,113E+0	1,223E-1	4,189E-2
11.02.2020 12:18:05	7,870E+2	1,113E+0	1,284E-1	4,189E-2
11.02.2020 12:18:06	7,880E+2	1,113E+0	1,243E-1	4,189E-2
11.02.2020 12:18:07	7,890E+2	1,113E+0	1,223E-1	4,189E-2
11.02.2020 12:18:08	7,900E+2	1,117E+0	1,263E-1	4,189E-2
11.02.2020 12:18:09	7,910E+2	1,113E+0	1,304E-1	4,189E-2
11.02.2020 12:18:10	7,920E+2	1,117E+0	1,223E-1	4,189E-2
11.02.2020 12:18:11	7,930E+2	1,117E+0	1,243E-1	4,189E-2
11.02.2020 12:18:12	7,940E+2	1,122E+0	1,243E-1	4,189E-2
11.02.2020 12:18:13	7,950E+2	1,117E+0	1,304E-1	4,189E-2
11.02.2020 12:18:14	7,960E+2	1,122E+0	1,263E-1	4,189E-2
11.02.2020 12:18:15	7,970E+2	1,122E+0	1,284E-1	4,189E-2
11.02.2020 12:18:16	7,980E+2	1,126E+0	1,243E-1	4,189E-2
11.02.2020 12:18:17	7,990E+2	1,126E+0	1,243E-1	4,189E-2
11.02.2020 12:18:18	8,000E+2	1,131E+0	1,223E-1	4,189E-2
11.02.2020 12:18:19	8,010E+2	1,131E+0	1,284E-1	4,189E-2
11.02.2020 12:18:20	8,020E+2	1,131E+0	1,243E-1	4,189E-2
11.02.2020 12:18:21	8,030E+2	1,131E+0	1,263E-1	4,189E-2
11.02.2020 12:18:22	8,040E+2	1,131E+0	1,304E-1	4,189E-2
11.02.2020 12:18:23	8,050E+2	1,131E+0	1,284E-1	4,189E-2
11.02.2020 12:18:24	8,060E+2	1,131E+0	1,263E-1	4,189E-2
11.02.2020 12:18:25	8,070E+2	1,135E+0	1,223E-1	4,189E-2
11.02.2020 12:18:26	8,080E+2	1,144E+0	1,223E-1	4,189E-2
11.02.2020 12:18:27	8,090E+2	1,144E+0	1,243E-1	4,189E-2
11.02.2020 12:18:28	8,100E+2	1,135E+0	1,263E-1	4,189E-2
11.02.2020 12:18:29	8,110E+2	1,144E+0	1,202E-1	4,189E-2
11.02.2020 12:18:30	8,120E+2	1,144E+0	1,223E-1	4,189E-2
11.02.2020 12:18:31	8,130E+2	1,149E+0	1,304E-1	4,189E-2
11.02.2020 12:18:32	8,140E+2	1,149E+0	1,223E-1	4,189E-2
11.02.2020 12:18:33	8,150E+2	1,153E+0	1,223E-1	4,189E-2
11.02.2020 12:18:34	8,160E+2	1,149E+0	1,304E-1	4,189E-2
11.02.2020 12:18:35	8,170E+2	1,149E+0	1,304E-1	4,189E-2
11.02.2020 12:18:36	8,180E+2	1,149E+0	1,223E-1	4,189E-2
11.02.2020 12:18:37	8,190E+2	1,153E+0	1,243E-1	4,189E-2
11.02.2020 12:18:38	8,200E+2	1,153E+0	1,284E-1	4,189E-2
11.02.2020 12:18:39	8,210E+2	1,158E+0	1,263E-1	4,189E-2
11.02.2020 12:18:40	8,220E+2	1,163E+0	1,263E-1	4,189E-2
11.02.2020 12:18:41	8,230E+2	1,158E+0	1,243E-1	4,189E-2
11.02.2020 12:18:42	8,240E+2	1,158E+0	1,284E-1	4,189E-2
11.02.2020 12:18:43	8,250E+2	1,158E+0	1,243E-1	4,189E-2
11.02.2020 12:18:44	8,260E+2	1,163E+0	1,263E-1	4,189E-2
11.02.2020 12:18:45	8,270E+2	1,167E+0	1,223E-1	4,189E-2
11.02.2020 12:18:46	8,280E+2	1,172E+0	1,243E-1	4,189E-2
11.02.2020 12:18:47	8,290E+2	1,172E+0	1,263E-1	4,189E-2
11.02.2020 12:18:48	8,300E+2	1,167E+0	1,284E-1	4,189E-2
11.02.2020 12:18:49	8,310E+2	1,167E+0	1,304E-1	4,189E-2
11.02.2020 12:18:50	8,320E+2	1,172E+0	1,223E-1	4,189E-2
11.02.2020 12:18:51	8,330E+2	1,172E+0	1,284E-1	4,189E-2
11.02.2020 12:18:52	8,340E+2	1,176E+0	1,304E-1	4,189E-2
11.02.2020 12:18:53	8,350E+2	1,181E+0	1,263E-1	4,189E-2
11.02.2020 12:18:54	8,360E+2	1,176E+0	1,223E-1	4,189E-2
11.02.2020 12:18:55	8,370E+2	1,181E+0	1,223E-1	4,189E-2
11.02.2020 12:18:56	8,380E+2	1,181E+0	1,243E-1	4,189E-2
11.02.2020 12:18:57	8,390E+2	1,185E+0	1,243E-1	4,189E-2
11.02.2020 12:18:58	8,400E+2	1,185E+0	1,304E-1	4,189E-2
11.02.2020 12:18:59	8,410E+2	1,181E+0	1,304E-1	4,189E-2
11.02.2020 12:19:00	8,420E+2	1,185E+0	1,304E-1	4,189E-2
11.02.2020 12:19:01	8,430E+2	1,185E+0	1,304E-1	4,189E-2
11.02.2020 12:19:02	8,440E+2	1,185E+0	1,284E-1	4,189E-2
11.02.2020 12:19:03	8,450E+2	1,190E+0	1,223E-1	4,189E-2
11.02.2020 12:19:04	8,460E+2	1,190E+0	1,223E-1	4,189E-2
11.02.2020 12:19:05	8,470E+2	1,190E+0	1,223E-1	4,189E-2
11.02.2020 12:19:06	8,480E+2	1,195E+0	1,284E-1	4,189E-2
11.02.2020 12:19:07	8,490E+2	1,195E+0	1,263E-1	4,189E-2
11.02.2020 12:19:08	8,500E+2	1,190E+0	1,243E-1	4,189E-2
11.02.2020 12:19:09	8,510E+2	1,195E+0	1,223E-1	4,189E-2
11.02.2020 12:19:10	8,520E+2	1,195E+0	1,284E-1	4,189E-2
11.02.2020 12:19:11	8,530E+2	1,195E+0	1,223E-1	4,189E-2
11.02.2020 12:19:12	8,540E+2	1,195E+0	1,304E-1	4,189E-2
11.02.2020 12:19:13	8,550E+2	1,199E+0	1,304E-1	4,189E-2
11.02.2020 12:19:14	8,560E+2	1,204E+0	1,223E-1	4,189E-2
11.02.2020 12:19:15	8,570E+2	1,208E+0	1,223E-1	4,189E-2
11.02.2020 12:19:16	8,580E+2	1,208E+0	1,284E-1	4,189E-2
11.02.2020 12:19:17	8,590E+2	1,208E+0	1,263E-1	4,189E-2
11.02.2020 12:19:18	8,600E+2	1,208E+0	1,263E-1	4,189E-2
11.02.2020 12:19:19	8,610E+2	1,208E+0	1,304E-1	4,189E-2
11.02.2020 12:19:20	8,620E+2	1,213E+0	1,223E-1	4,189E-2
11.02.2020 12:19:21	8,630E+2	1,213E+0	1,284E-1	4,189E-2
11.02.2020 12:19:22	8,640E+2	1,213E+0	1,243E-1	4,189E-2
11.02.2020 12:19:23	8,650E+2	1,213E+0	1,304E-1	4,189E-2
11.02.2020 12:19:24	8,660E+2	1,213E+0	1,223E-1	4,189E-2
11.02.2020 12:19:25	8,670E+2	1,222E+0	1,223E-1	4,189E-2
11.02.2020 12:19:26	8,680E+2	1,222E+0	1,243E-1	4,189E-2
11.02.2020 12:19:27	8,690E+2	1,222E+0	1,263E-1	4,189E-2
11.02.2020 12:19:28	8,700E+2	1,222E+0	1,304E-1	4,189E-2
11.02.2020 12:19:29	8,710E+2	1,222E+0	1,304E-1	4,189E-2
11.02.2020 12:19:30	8,720E+2	1,222E+0	1,263E-1	4,189E-2
11.02.2020 12:19:31	8,730E+2	1,222E+0	1,263E-1	4,189E-2
11.02.2020 12:19:32	8,740E+2	1,227E+0	1,263E-1	4,189E-2
11.02.2020 12:19:33	8,750E+2	1,222E+0	1,263E-1	4,189E-2
11.02.2020 12:19:34	8,760E+2	1,227E+0	1,284E-1	4,189E-2
11.02.2020 12:19:35	8,770E+2	1,227E+0	1,284E-1	4,189E-2
11.02.2020 12:19:36	8,780E+2	1,232E+0	1,243E-1	4,189E-2
11.02.2020 12:19:37	8,790E+2	1,227E+0	1,243E-1	4,189E-2
11.02.2020 12:19:38	8,800E+2	1,232E+0	1,243E-1	4,189E-2
11.02.2020 12:19:39	8,810E+2	1,232E+0	1,284E-1	4,189E-2
11.02.2020 12:19:40	8,820E+2	1,236E+0	1,284E-1	4,189E-2
11.02.2020 12:19:41	8,830E+2	1,232E+0	1,325E-1	4,189E-2
