# Project : ; Airbus
# Data Recorded by : ; TRPS on Dienstag, 11. Februar 2020 at 16:32
# Detector name : ; 
# NN : ; 
# Samples per seconds : ; 1,000
# Ignition (sec after start) : ; 21
# Alarm (sec after ignition) : ; 0
# NN : ; 
# TF : ; 8
# MIREX (single light path) : ; 0.713 m 
# NN : ; 
# NN : ; 
# NN : ; 
# Remarks : ; Nephelometer
# NN : ; 
# Chn : ;  ; Vch00	Vch01	Vch02	
# NN : ; 
# High Limit : ;  ;  10 V	 10 V	 10 V	
# Low Limit : ;  ;   0 V	  0 V	  0 V	
# Time  ; Sample 	MIREX    	Stroemung	Temp.    	
11.02.2020 16:13:39	0,000E+0	5,573E-8	1,263E-1	4,189E-2
11.02.2020 16:13:40	1,000E+0	3,109E-3	1,223E-1	4,189E-2
11.02.2020 16:13:41	2,000E+0	5,573E-8	1,263E-1	4,189E-2
11.02.2020 16:13:42	3,000E+0	5,573E-8	1,304E-1	4,189E-2
11.02.2020 16:13:43	4,000E+0	5,573E-8	1,304E-1	4,189E-2
11.02.2020 16:13:44	5,000E+0	-3,106E-3	1,284E-1	4,189E-2
11.02.2020 16:13:45	6,000E+0	5,573E-8	1,223E-1	4,189E-2
11.02.2020 16:13:46	7,000E+0	3,109E-3	1,263E-1	4,189E-2
11.02.2020 16:13:47	8,000E+0	5,573E-8	1,284E-1	4,189E-2
11.02.2020 16:13:48	9,000E+0	5,573E-8	1,284E-1	4,189E-2
11.02.2020 16:13:49	1,000E+1	5,573E-8	1,243E-1	4,189E-2
11.02.2020 16:13:50	1,100E+1	5,573E-8	1,263E-1	4,189E-2
11.02.2020 16:13:51	1,200E+1	5,573E-8	1,223E-1	4,189E-2
11.02.2020 16:13:52	1,300E+1	5,573E-8	1,284E-1	4,189E-2
11.02.2020 16:13:53	1,400E+1	3,109E-3	1,263E-1	4,189E-2
11.02.2020 16:13:54	1,500E+1	5,573E-8	1,263E-1	4,189E-2
11.02.2020 16:13:55	1,600E+1	5,573E-8	1,304E-1	4,189E-2
11.02.2020 16:13:56	1,700E+1	5,573E-8	1,284E-1	4,189E-2
11.02.2020 16:13:57	1,800E+1	5,573E-8	1,202E-1	4,189E-2
11.02.2020 16:13:58	1,900E+1	3,109E-3	1,243E-1	4,189E-2
11.02.2020 16:13:59	2,000E+1	5,573E-8	1,284E-1	4,189E-2
11.02.2020 16:14:00	2,100E+1	-3,106E-3	1,223E-1	4,189E-2
11.02.2020 16:14:01	2,200E+1	-3,106E-3	1,304E-1	4,189E-2
11.02.2020 16:14:02	2,300E+1	5,573E-8	1,223E-1	4,189E-2
11.02.2020 16:14:03	2,400E+1	5,573E-8	1,223E-1	4,189E-2
11.02.2020 16:14:04	2,500E+1	5,573E-8	1,263E-1	4,189E-2
11.02.2020 16:14:05	2,600E+1	5,573E-8	1,284E-1	4,189E-2
11.02.2020 16:14:06	2,700E+1	5,573E-8	1,223E-1	4,189E-2
11.02.2020 16:14:07	2,800E+1	5,573E-8	1,304E-1	4,189E-2
11.02.2020 16:14:08	2,900E+1	5,573E-8	1,202E-1	4,189E-2
11.02.2020 16:14:09	3,000E+1	5,573E-8	1,223E-1	4,189E-2
11.02.2020 16:14:10	3,100E+1	5,573E-8	1,304E-1	4,189E-2
11.02.2020 16:14:11	3,200E+1	5,573E-8	1,223E-1	4,189E-2
11.02.2020 16:14:12	3,300E+1	3,109E-3	1,182E-1	4,189E-2
11.02.2020 16:14:13	3,400E+1	5,573E-8	1,263E-1	4,189E-2
11.02.2020 16:14:14	3,500E+1	5,573E-8	1,263E-1	4,189E-2
11.02.2020 16:14:15	3,600E+1	5,573E-8	1,304E-1	4,189E-2
11.02.2020 16:14:16	3,700E+1	5,573E-8	1,263E-1	4,189E-2
11.02.2020 16:14:17	3,800E+1	5,573E-8	1,284E-1	4,189E-2
11.02.2020 16:14:18	3,900E+1	5,573E-8	1,263E-1	4,189E-2
11.02.2020 16:14:19	4,000E+1	5,573E-8	1,284E-1	4,189E-2
11.02.2020 16:14:20	4,100E+1	5,573E-8	1,263E-1	4,189E-2
11.02.2020 16:14:21	4,200E+1	5,573E-8	1,223E-1	4,189E-2
11.02.2020 16:14:22	4,300E+1	5,573E-8	1,284E-1	4,189E-2
11.02.2020 16:14:23	4,400E+1	5,573E-8	1,243E-1	4,189E-2
11.02.2020 16:14:24	4,500E+1	3,109E-3	1,223E-1	4,189E-2
11.02.2020 16:14:25	4,600E+1	5,573E-8	1,284E-1	4,189E-2
11.02.2020 16:14:26	4,700E+1	3,109E-3	1,263E-1	4,189E-2
11.02.2020 16:14:27	4,800E+1	3,109E-3	1,304E-1	4,189E-2
11.02.2020 16:14:28	4,900E+1	5,573E-8	1,223E-1	4,189E-2
11.02.2020 16:14:29	5,000E+1	3,109E-3	1,243E-1	4,189E-2
11.02.2020 16:14:30	5,100E+1	3,109E-3	1,223E-1	4,189E-2
11.02.2020 16:14:31	5,200E+1	5,573E-8	1,263E-1	4,189E-2
11.02.2020 16:14:32	5,300E+1	5,573E-8	1,304E-1	4,189E-2
11.02.2020 16:14:33	5,400E+1	5,573E-8	1,284E-1	4,189E-2
11.02.2020 16:14:34	5,500E+1	5,573E-8	1,223E-1	4,189E-2
11.02.2020 16:14:35	5,600E+1	5,573E-8	1,243E-1	4,189E-2
11.02.2020 16:14:36	5,700E+1	5,573E-8	1,284E-1	4,189E-2
11.02.2020 16:14:37	5,800E+1	3,109E-3	1,263E-1	4,189E-2
11.02.2020 16:14:38	5,900E+1	5,573E-8	1,263E-1	4,189E-2
11.02.2020 16:14:39	6,000E+1	3,109E-3	1,284E-1	4,189E-2
11.02.2020 16:14:40	6,100E+1	5,573E-8	1,304E-1	4,189E-2
11.02.2020 16:14:41	6,200E+1	3,109E-3	1,202E-1	4,189E-2
11.02.2020 16:14:42	6,300E+1	5,573E-8	1,223E-1	4,189E-2
11.02.2020 16:14:43	6,400E+1	5,573E-8	1,304E-1	4,189E-2
11.02.2020 16:14:44	6,500E+1	5,573E-8	1,223E-1	4,189E-2
11.02.2020 16:14:45	6,600E+1	3,109E-3	1,223E-1	4,189E-2
11.02.2020 16:14:46	6,700E+1	3,109E-3	1,263E-1	4,189E-2
11.02.2020 16:14:47	6,800E+1	5,573E-8	1,304E-1	4,189E-2
11.02.2020 16:14:48	6,900E+1	5,573E-8	1,284E-1	4,189E-2
11.02.2020 16:14:49	7,000E+1	5,573E-8	1,284E-1	4,189E-2
11.02.2020 16:14:50	7,100E+1	3,109E-3	1,223E-1	4,189E-2
11.02.2020 16:14:51	7,200E+1	5,573E-8	1,223E-1	4,189E-2
11.02.2020 16:14:52	7,300E+1	5,573E-8	1,223E-1	4,189E-2
11.02.2020 16:14:53	7,400E+1	5,573E-8	1,284E-1	4,189E-2
11.02.2020 16:14:54	7,500E+1	5,573E-8	1,223E-1	4,189E-2
11.02.2020 16:14:55	7,600E+1	3,109E-3	1,223E-1	4,189E-2
11.02.2020 16:14:56	7,700E+1	5,573E-8	1,284E-1	4,189E-2
11.02.2020 16:14:57	7,800E+1	5,573E-8	1,284E-1	4,189E-2
11.02.2020 16:14:58	7,900E+1	5,573E-8	1,243E-1	4,189E-2
11.02.2020 16:14:59	8,000E+1	5,573E-8	1,284E-1	4,189E-2
11.02.2020 16:15:00	8,100E+1	5,573E-8	1,223E-1	4,189E-2
11.02.2020 16:15:01	8,200E+1	3,109E-3	1,284E-1	4,189E-2
11.02.2020 16:15:02	8,300E+1	5,573E-8	1,284E-1	4,189E-2
11.02.2020 16:15:03	8,400E+1	3,109E-3	1,263E-1	4,189E-2
11.02.2020 16:15:04	8,500E+1	3,109E-3	1,263E-1	4,189E-2
11.02.2020 16:15:05	8,600E+1	3,109E-3	1,202E-1	4,189E-2
11.02.2020 16:15:06	8,700E+1	5,573E-8	1,304E-1	4,189E-2
11.02.2020 16:15:07	8,800E+1	5,573E-8	1,304E-1	4,189E-2
11.02.2020 16:15:08	8,900E+1	5,573E-8	1,304E-1	4,189E-2
11.02.2020 16:15:09	9,000E+1	5,573E-8	1,263E-1	4,189E-2
11.02.2020 16:15:10	9,100E+1	3,109E-3	1,304E-1	4,189E-2
11.02.2020 16:15:11	9,200E+1	3,109E-3	1,263E-1	4,189E-2
11.02.2020 16:15:12	9,300E+1	5,573E-8	1,223E-1	4,189E-2
11.02.2020 16:15:13	9,400E+1	5,573E-8	1,263E-1	4,189E-2
11.02.2020 16:15:14	9,500E+1	5,573E-8	1,243E-1	4,189E-2
11.02.2020 16:15:15	9,600E+1	3,109E-3	1,263E-1	4,189E-2
11.02.2020 16:15:16	9,700E+1	3,109E-3	1,284E-1	4,189E-2
11.02.2020 16:15:17	9,800E+1	3,109E-3	1,284E-1	4,189E-2
11.02.2020 16:15:18	9,900E+1	3,109E-3	1,223E-1	4,189E-2
11.02.2020 16:15:19	1,000E+2	5,573E-8	1,263E-1	4,189E-2
11.02.2020 16:15:20	1,010E+2	5,573E-8	1,223E-1	4,189E-2
11.02.2020 16:15:21	1,020E+2	3,109E-3	1,223E-1	4,189E-2
11.02.2020 16:15:22	1,030E+2	3,109E-3	1,263E-1	4,189E-2
11.02.2020 16:15:23	1,040E+2	3,109E-3	1,284E-1	4,189E-2
11.02.2020 16:15:24	1,050E+2	3,109E-3	1,284E-1	4,189E-2
11.02.2020 16:15:25	1,060E+2	3,109E-3	1,263E-1	4,189E-2
11.02.2020 16:15:26	1,070E+2	3,109E-3	1,223E-1	4,189E-2
11.02.2020 16:15:27	1,080E+2	3,109E-3	1,243E-1	4,189E-2
11.02.2020 16:15:28	1,090E+2	3,109E-3	1,263E-1	4,189E-2
11.02.2020 16:15:29	1,100E+2	6,221E-3	1,263E-1	4,189E-2
11.02.2020 16:15:30	1,110E+2	6,221E-3	1,223E-1	4,189E-2
11.02.2020 16:15:31	1,120E+2	3,109E-3	1,223E-1	4,189E-2
11.02.2020 16:15:32	1,130E+2	3,109E-3	1,284E-1	4,189E-2
11.02.2020 16:15:33	1,140E+2	6,221E-3	1,243E-1	4,189E-2
11.02.2020 16:15:34	1,150E+2	3,109E-3	1,243E-1	4,189E-2
11.02.2020 16:15:35	1,160E+2	6,221E-3	1,304E-1	4,189E-2
11.02.2020 16:15:36	1,170E+2	9,336E-3	1,263E-1	4,189E-2
11.02.2020 16:15:37	1,180E+2	9,336E-3	1,263E-1	4,189E-2
11.02.2020 16:15:38	1,190E+2	9,336E-3	1,223E-1	4,189E-2
11.02.2020 16:15:39	1,200E+2	9,336E-3	1,263E-1	4,189E-2
11.02.2020 16:15:40	1,210E+2	9,336E-3	1,304E-1	4,189E-2
11.02.2020 16:15:41	1,220E+2	1,245E-2	1,243E-1	4,189E-2
11.02.2020 16:15:42	1,230E+2	9,336E-3	1,284E-1	4,189E-2
11.02.2020 16:15:43	1,240E+2	1,245E-2	1,263E-1	4,189E-2
11.02.2020 16:15:44	1,250E+2	1,245E-2	1,284E-1	4,189E-2
11.02.2020 16:15:45	1,260E+2	1,558E-2	1,223E-1	4,189E-2
11.02.2020 16:15:46	1,270E+2	1,558E-2	1,263E-1	4,189E-2
11.02.2020 16:15:47	1,280E+2	1,558E-2	1,223E-1	4,189E-2
11.02.2020 16:15:48	1,290E+2	1,870E-2	1,223E-1	4,189E-2
11.02.2020 16:15:49	1,300E+2	1,870E-2	1,243E-1	4,189E-2
11.02.2020 16:15:50	1,310E+2	1,870E-2	1,263E-1	4,189E-2
11.02.2020 16:15:51	1,320E+2	2,183E-2	1,304E-1	4,189E-2
11.02.2020 16:15:52	1,330E+2	2,496E-2	1,223E-1	4,189E-2
11.02.2020 16:15:53	1,340E+2	2,496E-2	1,284E-1	4,189E-2
11.02.2020 16:15:54	1,350E+2	2,496E-2	1,284E-1	4,189E-2
11.02.2020 16:15:55	1,360E+2	2,496E-2	1,263E-1	4,189E-2
11.02.2020 16:15:56	1,370E+2	2,809E-2	1,304E-1	4,189E-2
11.02.2020 16:15:57	1,380E+2	2,809E-2	1,304E-1	4,189E-2
11.02.2020 16:15:58	1,390E+2	2,809E-2	1,284E-1	4,189E-2
11.02.2020 16:15:59	1,400E+2	3,123E-2	1,304E-1	4,189E-2
11.02.2020 16:16:00	1,410E+2	3,437E-2	1,223E-1	4,189E-2
11.02.2020 16:16:01	1,420E+2	3,437E-2	1,284E-1	4,189E-2
11.02.2020 16:16:02	1,430E+2	3,437E-2	1,263E-1	4,189E-2
11.02.2020 16:16:03	1,440E+2	3,437E-2	1,304E-1	4,189E-2
11.02.2020 16:16:04	1,450E+2	3,752E-2	1,223E-1	4,189E-2
11.02.2020 16:16:05	1,460E+2	3,752E-2	1,202E-1	4,189E-2
11.02.2020 16:16:06	1,470E+2	4,067E-2	1,223E-1	4,189E-2
11.02.2020 16:16:07	1,480E+2	4,067E-2	1,284E-1	4,189E-2
11.02.2020 16:16:08	1,490E+2	4,382E-2	1,263E-1	4,189E-2
11.02.2020 16:16:09	1,500E+2	4,382E-2	1,263E-1	4,189E-2
11.02.2020 16:16:10	1,510E+2	4,382E-2	1,263E-1	4,189E-2
11.02.2020 16:16:11	1,520E+2	4,697E-2	1,284E-1	4,189E-2
11.02.2020 16:16:12	1,530E+2	5,013E-2	1,263E-1	4,189E-2
11.02.2020 16:16:13	1,540E+2	5,013E-2	1,223E-1	4,189E-2
11.02.2020 16:16:14	1,550E+2	5,329E-2	1,243E-1	4,189E-2
11.02.2020 16:16:15	1,560E+2	5,329E-2	1,284E-1	4,189E-2
11.02.2020 16:16:16	1,570E+2	5,645E-2	1,304E-1	4,189E-2
11.02.2020 16:16:17	1,580E+2	5,645E-2	1,223E-1	4,189E-2
11.02.2020 16:16:18	1,590E+2	5,962E-2	1,223E-1	4,189E-2
11.02.2020 16:16:19	1,600E+2	6,279E-2	1,243E-1	4,189E-2
11.02.2020 16:16:20	1,610E+2	6,279E-2	1,284E-1	4,189E-2
11.02.2020 16:16:21	1,620E+2	6,596E-2	1,243E-1	4,189E-2
11.02.2020 16:16:22	1,630E+2	6,596E-2	1,284E-1	4,189E-2
11.02.2020 16:16:23	1,640E+2	6,914E-2	1,263E-1	4,189E-2
11.02.2020 16:16:24	1,650E+2	6,914E-2	1,263E-1	4,189E-2
11.02.2020 16:16:25	1,660E+2	7,232E-2	1,263E-1	4,189E-2
11.02.2020 16:16:26	1,670E+2	7,550E-2	1,263E-1	4,189E-2
11.02.2020 16:16:27	1,680E+2	7,550E-2	1,263E-1	4,189E-2
11.02.2020 16:16:28	1,690E+2	7,869E-2	1,243E-1	4,189E-2
11.02.2020 16:16:29	1,700E+2	7,869E-2	1,202E-1	4,189E-2
11.02.2020 16:16:30	1,710E+2	8,507E-2	1,263E-1	4,189E-2
11.02.2020 16:16:31	1,720E+2	8,507E-2	1,223E-1	4,189E-2
11.02.2020 16:16:32	1,730E+2	8,507E-2	1,263E-1	4,189E-2
11.02.2020 16:16:33	1,740E+2	8,827E-2	1,284E-1	4,189E-2
11.02.2020 16:16:34	1,750E+2	9,147E-2	1,223E-1	4,189E-2
11.02.2020 16:16:35	1,760E+2	9,147E-2	1,263E-1	4,189E-2
11.02.2020 16:16:36	1,770E+2	9,468E-2	1,223E-1	4,189E-2
11.02.2020 16:16:37	1,780E+2	9,468E-2	1,284E-1	4,189E-2
11.02.2020 16:16:38	1,790E+2	9,788E-2	1,304E-1	4,189E-2
11.02.2020 16:16:39	1,800E+2	9,468E-2	1,304E-1	4,189E-2
11.02.2020 16:16:40	1,810E+2	9,468E-2	1,223E-1	4,189E-2
11.02.2020 16:16:41	1,820E+2	1,011E-1	1,304E-1	4,189E-2
11.02.2020 16:16:42	1,830E+2	1,043E-1	1,263E-1	4,189E-2
11.02.2020 16:16:43	1,840E+2	1,043E-1	1,223E-1	4,189E-2
11.02.2020 16:16:44	1,850E+2	1,075E-1	1,243E-1	4,189E-2
11.02.2020 16:16:45	1,860E+2	1,140E-1	1,223E-1	4,189E-2
11.02.2020 16:16:46	1,870E+2	1,107E-1	1,284E-1	4,189E-2
11.02.2020 16:16:47	1,880E+2	1,140E-1	1,263E-1	4,189E-2
11.02.2020 16:16:48	1,890E+2	1,172E-1	1,263E-1	4,189E-2
11.02.2020 16:16:49	1,900E+2	1,172E-1	1,284E-1	4,189E-2
11.02.2020 16:16:50	1,910E+2	1,204E-1	1,243E-1	4,189E-2
11.02.2020 16:16:51	1,920E+2	1,204E-1	1,263E-1	4,189E-2
11.02.2020 16:16:52	1,930E+2	1,237E-1	1,304E-1	4,189E-2
11.02.2020 16:16:53	1,940E+2	1,301E-1	1,263E-1	4,189E-2
11.02.2020 16:16:54	1,950E+2	1,301E-1	1,223E-1	4,189E-2
11.02.2020 16:16:55	1,960E+2	1,301E-1	1,284E-1	4,189E-2
11.02.2020 16:16:56	1,970E+2	1,301E-1	1,243E-1	4,189E-2
11.02.2020 16:16:57	1,980E+2	1,334E-1	1,304E-1	4,189E-2
11.02.2020 16:16:58	1,990E+2	1,366E-1	1,223E-1	4,189E-2
11.02.2020 16:16:59	2,000E+2	1,431E-1	1,243E-1	4,189E-2
11.02.2020 16:17:00	2,010E+2	1,399E-1	1,284E-1	4,189E-2
11.02.2020 16:17:01	2,020E+2	1,399E-1	1,304E-1	4,189E-2
11.02.2020 16:17:02	2,030E+2	1,431E-1	1,202E-1	4,189E-2
11.02.2020 16:17:03	2,040E+2	1,431E-1	1,223E-1	4,189E-2
11.02.2020 16:17:04	2,050E+2	1,464E-1	1,263E-1	4,189E-2
11.02.2020 16:17:05	2,060E+2	1,431E-1	1,223E-1	4,189E-2
11.02.2020 16:17:06	2,070E+2	1,529E-1	1,223E-1	4,189E-2
11.02.2020 16:17:07	2,080E+2	1,562E-1	1,243E-1	4,189E-2
11.02.2020 16:17:08	2,090E+2	1,562E-1	1,284E-1	4,189E-2
11.02.2020 16:17:09	2,100E+2	1,562E-1	1,223E-1	4,189E-2
11.02.2020 16:17:10	2,110E+2	1,627E-1	1,243E-1	4,189E-2
11.02.2020 16:17:11	2,120E+2	1,627E-1	1,223E-1	4,189E-2
11.02.2020 16:17:12	2,130E+2	1,660E-1	1,223E-1	4,189E-2
11.02.2020 16:17:13	2,140E+2	1,660E-1	1,223E-1	4,189E-2
11.02.2020 16:17:14	2,150E+2	1,693E-1	1,304E-1	4,189E-2
11.02.2020 16:17:15	2,160E+2	1,693E-1	1,263E-1	4,189E-2
11.02.2020 16:17:16	2,170E+2	1,726E-1	1,304E-1	4,189E-2
11.02.2020 16:17:17	2,180E+2	1,726E-1	1,263E-1	4,189E-2
11.02.2020 16:17:18	2,190E+2	1,759E-1	1,202E-1	4,189E-2
11.02.2020 16:17:19	2,200E+2	1,792E-1	1,223E-1	4,189E-2
11.02.2020 16:17:20	2,210E+2	1,792E-1	1,284E-1	4,189E-2
11.02.2020 16:17:21	2,220E+2	1,792E-1	1,304E-1	4,189E-2
11.02.2020 16:17:22	2,230E+2	1,825E-1	1,284E-1	4,189E-2
11.02.2020 16:17:23	2,240E+2	1,891E-1	1,263E-1	4,189E-2
11.02.2020 16:17:24	2,250E+2	1,891E-1	1,263E-1	4,189E-2
11.02.2020 16:17:25	2,260E+2	1,924E-1	1,284E-1	4,189E-2
11.02.2020 16:17:26	2,270E+2	1,891E-1	1,223E-1	4,189E-2
11.02.2020 16:17:27	2,280E+2	1,957E-1	1,243E-1	4,189E-2
11.02.2020 16:17:28	2,290E+2	1,957E-1	1,304E-1	4,189E-2
11.02.2020 16:17:29	2,300E+2	1,990E-1	1,284E-1	4,189E-2
11.02.2020 16:17:30	2,310E+2	2,023E-1	1,223E-1	4,189E-2
11.02.2020 16:17:31	2,320E+2	2,023E-1	1,223E-1	4,189E-2
11.02.2020 16:17:32	2,330E+2	2,023E-1	1,223E-1	4,189E-2
11.02.2020 16:17:33	2,340E+2	2,057E-1	1,223E-1	4,189E-2
11.02.2020 16:17:34	2,350E+2	2,090E-1	1,263E-1	4,189E-2
11.02.2020 16:17:35	2,360E+2	2,090E-1	1,284E-1	4,189E-2
11.02.2020 16:17:36	2,370E+2	2,123E-1	1,284E-1	4,189E-2
11.02.2020 16:17:37	2,380E+2	2,156E-1	1,304E-1	4,189E-2
11.02.2020 16:17:38	2,390E+2	2,156E-1	1,223E-1	4,189E-2
11.02.2020 16:17:39	2,400E+2	2,156E-1	1,223E-1	4,189E-2
11.02.2020 16:17:40	2,410E+2	2,190E-1	1,284E-1	4,189E-2
11.02.2020 16:17:41	2,420E+2	2,190E-1	1,243E-1	4,189E-2
11.02.2020 16:17:42	2,430E+2	2,257E-1	1,202E-1	4,189E-2
11.02.2020 16:17:43	2,440E+2	2,223E-1	1,284E-1	4,189E-2
11.02.2020 16:17:44	2,450E+2	2,257E-1	1,284E-1	4,189E-2
11.02.2020 16:17:45	2,460E+2	2,257E-1	1,263E-1	4,189E-2
11.02.2020 16:17:46	2,470E+2	2,290E-1	1,223E-1	4,189E-2
11.02.2020 16:17:47	2,480E+2	2,290E-1	1,284E-1	4,189E-2
11.02.2020 16:17:48	2,490E+2	2,324E-1	1,304E-1	4,189E-2
11.02.2020 16:17:49	2,500E+2	2,424E-1	1,263E-1	4,189E-2
11.02.2020 16:17:50	2,510E+2	2,391E-1	1,304E-1	4,189E-2
11.02.2020 16:17:51	2,520E+2	2,424E-1	1,263E-1	4,189E-2
11.02.2020 16:17:52	2,530E+2	2,424E-1	1,223E-1	4,189E-2
11.02.2020 16:17:53	2,540E+2	2,424E-1	1,243E-1	4,189E-2
11.02.2020 16:17:54	2,550E+2	2,458E-1	1,223E-1	4,189E-2
11.02.2020 16:17:55	2,560E+2	2,458E-1	1,284E-1	4,189E-2
11.02.2020 16:17:56	2,570E+2	2,492E-1	1,263E-1	4,189E-2
11.02.2020 16:17:57	2,580E+2	2,526E-1	1,223E-1	4,189E-2
11.02.2020 16:17:58	2,590E+2	2,593E-1	1,284E-1	4,189E-2
11.02.2020 16:17:59	2,600E+2	2,559E-1	1,243E-1	4,189E-2
11.02.2020 16:18:00	2,610E+2	2,593E-1	1,263E-1	4,189E-2
11.02.2020 16:18:01	2,620E+2	2,627E-1	1,284E-1	4,189E-2
11.02.2020 16:18:02	2,630E+2	2,627E-1	1,263E-1	4,189E-2
11.02.2020 16:18:03	2,640E+2	2,627E-1	1,284E-1	4,189E-2
11.02.2020 16:18:04	2,650E+2	2,627E-1	1,284E-1	4,189E-2
11.02.2020 16:18:05	2,660E+2	2,661E-1	1,263E-1	4,189E-2
11.02.2020 16:18:06	2,670E+2	2,627E-1	1,263E-1	4,189E-2
11.02.2020 16:18:07	2,680E+2	2,695E-1	1,284E-1	4,189E-2
11.02.2020 16:18:08	2,690E+2	2,729E-1	1,304E-1	4,189E-2
11.02.2020 16:18:09	2,700E+2	2,729E-1	1,263E-1	4,189E-2
11.02.2020 16:18:10	2,710E+2	2,763E-1	1,304E-1	4,189E-2
11.02.2020 16:18:11	2,720E+2	2,797E-1	1,223E-1	4,189E-2
11.02.2020 16:18:12	2,730E+2	2,831E-1	1,223E-1	4,189E-2
11.02.2020 16:18:13	2,740E+2	2,797E-1	1,223E-1	4,189E-2
11.02.2020 16:18:14	2,750E+2	2,797E-1	1,243E-1	4,189E-2
11.02.2020 16:18:15	2,760E+2	2,865E-1	1,243E-1	4,189E-2
11.02.2020 16:18:16	2,770E+2	2,865E-1	1,223E-1	4,189E-2
11.02.2020 16:18:17	2,780E+2	2,899E-1	1,263E-1	4,189E-2
11.02.2020 16:18:18	2,790E+2	2,968E-1	1,263E-1	4,189E-2
11.02.2020 16:18:19	2,800E+2	2,933E-1	1,243E-1	4,189E-2
11.02.2020 16:18:20	2,810E+2	2,968E-1	1,223E-1	4,189E-2
11.02.2020 16:18:21	2,820E+2	3,002E-1	1,284E-1	4,189E-2
11.02.2020 16:18:22	2,830E+2	3,002E-1	1,304E-1	4,189E-2
11.02.2020 16:18:23	2,840E+2	3,002E-1	1,304E-1	4,189E-2
11.02.2020 16:18:24	2,850E+2	3,002E-1	1,284E-1	4,189E-2
11.02.2020 16:18:25	2,860E+2	3,036E-1	1,304E-1	4,189E-2
11.02.2020 16:18:26	2,870E+2	3,105E-1	1,284E-1	4,189E-2
11.02.2020 16:18:27	2,880E+2	3,139E-1	1,243E-1	4,189E-2
11.02.2020 16:18:28	2,890E+2	3,105E-1	1,304E-1	4,189E-2
11.02.2020 16:18:29	2,900E+2	3,174E-1	1,223E-1	4,189E-2
11.02.2020 16:18:30	2,910E+2	3,174E-1	1,223E-1	4,189E-2
11.02.2020 16:18:31	2,920E+2	3,174E-1	1,304E-1	4,189E-2
11.02.2020 16:18:32	2,930E+2	3,174E-1	1,284E-1	4,189E-2
11.02.2020 16:18:33	2,940E+2	3,208E-1	1,243E-1	4,189E-2
11.02.2020 16:18:34	2,950E+2	3,208E-1	1,223E-1	4,189E-2
11.02.2020 16:18:35	2,960E+2	3,243E-1	1,304E-1	4,189E-2
11.02.2020 16:18:36	2,970E+2	3,278E-1	1,223E-1	4,189E-2
11.02.2020 16:18:37	2,980E+2	3,278E-1	1,284E-1	4,189E-2
11.02.2020 16:18:38	2,990E+2	3,278E-1	1,284E-1	4,189E-2
11.02.2020 16:18:39	3,000E+2	3,312E-1	1,223E-1	4,189E-2
11.02.2020 16:18:40	3,010E+2	3,347E-1	1,243E-1	4,189E-2
11.02.2020 16:18:41	3,020E+2	3,381E-1	1,223E-1	4,189E-2
11.02.2020 16:18:42	3,030E+2	3,347E-1	1,223E-1	4,189E-2
11.02.2020 16:18:43	3,040E+2	3,416E-1	1,223E-1	4,189E-2
11.02.2020 16:18:44	3,050E+2	3,416E-1	1,223E-1	4,189E-2
11.02.2020 16:18:45	3,060E+2	3,416E-1	1,263E-1	4,189E-2
11.02.2020 16:18:46	3,070E+2	3,451E-1	1,263E-1	4,189E-2
11.02.2020 16:18:47	3,080E+2	3,486E-1	1,223E-1	4,189E-2
11.02.2020 16:18:48	3,090E+2	3,486E-1	1,284E-1	4,189E-2
11.02.2020 16:18:49	3,100E+2	3,521E-1	1,223E-1	4,189E-2
11.02.2020 16:18:50	3,110E+2	3,556E-1	1,304E-1	4,189E-2
11.02.2020 16:18:51	3,120E+2	3,591E-1	1,202E-1	4,189E-2
11.02.2020 16:18:52	3,130E+2	3,626E-1	1,284E-1	4,189E-2
11.02.2020 16:18:53	3,140E+2	3,591E-1	1,304E-1	4,189E-2
11.02.2020 16:18:54	3,150E+2	3,591E-1	1,223E-1	4,189E-2
11.02.2020 16:18:55	3,160E+2	3,661E-1	1,284E-1	4,189E-2
11.02.2020 16:18:56	3,170E+2	3,626E-1	1,304E-1	4,189E-2
11.02.2020 16:18:57	3,180E+2	3,696E-1	1,284E-1	4,189E-2
11.02.2020 16:18:58	3,190E+2	3,696E-1	1,263E-1	4,189E-2
11.02.2020 16:18:59	3,200E+2	3,696E-1	1,263E-1	4,189E-2
11.02.2020 16:19:00	3,210E+2	3,731E-1	1,243E-1	4,189E-2
11.02.2020 16:19:01	3,220E+2	3,766E-1	1,223E-1	4,189E-2
11.02.2020 16:19:02	3,230E+2	3,766E-1	1,284E-1	4,189E-2
11.02.2020 16:19:03	3,240E+2	3,801E-1	1,263E-1	4,189E-2
11.02.2020 16:19:04	3,250E+2	3,766E-1	1,223E-1	4,189E-2
11.02.2020 16:19:05	3,260E+2	3,801E-1	1,202E-1	4,189E-2
11.02.2020 16:19:06	3,270E+2	3,836E-1	1,223E-1	4,189E-2
11.02.2020 16:19:07	3,280E+2	3,907E-1	1,223E-1	4,189E-2
11.02.2020 16:19:08	3,290E+2	3,942E-1	1,243E-1	4,189E-2
11.02.2020 16:19:09	3,300E+2	3,942E-1	1,284E-1	4,189E-2
11.02.2020 16:19:10	3,310E+2	3,907E-1	1,223E-1	4,189E-2
11.02.2020 16:19:11	3,320E+2	3,942E-1	1,284E-1	4,189E-2
11.02.2020 16:19:12	3,330E+2	3,978E-1	1,202E-1	4,189E-2
11.02.2020 16:19:13	3,340E+2	3,978E-1	1,284E-1	4,189E-2
11.02.2020 16:19:14	3,350E+2	4,013E-1	1,263E-1	4,189E-2
11.02.2020 16:19:15	3,360E+2	3,978E-1	1,304E-1	4,189E-2
11.02.2020 16:19:16	3,370E+2	4,013E-1	1,223E-1	4,189E-2
11.02.2020 16:19:17	3,380E+2	4,084E-1	1,243E-1	4,189E-2
11.02.2020 16:19:18	3,390E+2	4,084E-1	1,263E-1	4,189E-2
11.02.2020 16:19:19	3,400E+2	4,048E-1	1,284E-1	4,189E-2
11.02.2020 16:19:20	3,410E+2	4,120E-1	1,284E-1	4,189E-2
11.02.2020 16:19:21	3,420E+2	4,120E-1	1,263E-1	4,189E-2
11.02.2020 16:19:22	3,430E+2	4,155E-1	1,304E-1	4,189E-2
11.02.2020 16:19:23	3,440E+2	4,191E-1	1,243E-1	4,189E-2
11.02.2020 16:19:24	3,450E+2	4,191E-1	1,223E-1	4,189E-2
11.02.2020 16:19:25	3,460E+2	4,226E-1	1,223E-1	4,189E-2
11.02.2020 16:19:26	3,470E+2	4,226E-1	1,284E-1	4,189E-2
11.02.2020 16:19:27	3,480E+2	4,191E-1	1,263E-1	4,189E-2
11.02.2020 16:19:28	3,490E+2	4,191E-1	1,284E-1	4,189E-2
11.02.2020 16:19:29	3,500E+2	4,262E-1	1,284E-1	4,189E-2
11.02.2020 16:19:30	3,510E+2	4,334E-1	1,304E-1	4,189E-2
11.02.2020 16:19:31	3,520E+2	4,334E-1	1,284E-1	4,189E-2
11.02.2020 16:19:32	3,530E+2	4,370E-1	1,284E-1	4,189E-2
11.02.2020 16:19:33	3,540E+2	4,405E-1	1,243E-1	4,189E-2
11.02.2020 16:19:34	3,550E+2	4,405E-1	1,263E-1	4,189E-2
11.02.2020 16:19:35	3,560E+2	4,405E-1	1,223E-1	4,189E-2
11.02.2020 16:19:36	3,570E+2	4,405E-1	1,223E-1	4,189E-2
11.02.2020 16:19:37	3,580E+2	4,441E-1	1,284E-1	4,189E-2
11.02.2020 16:19:38	3,590E+2	4,405E-1	1,304E-1	4,189E-2
11.02.2020 16:19:39	3,600E+2	4,441E-1	1,284E-1	4,189E-2
11.02.2020 16:19:40	3,610E+2	4,441E-1	1,223E-1	4,189E-2
11.02.2020 16:19:41	3,620E+2	4,477E-1	1,263E-1	4,189E-2
11.02.2020 16:19:42	3,630E+2	4,513E-1	1,223E-1	4,189E-2
11.02.2020 16:19:43	3,640E+2	4,549E-1	1,263E-1	4,189E-2
11.02.2020 16:19:44	3,650E+2	4,549E-1	1,223E-1	4,189E-2
11.02.2020 16:19:45	3,660E+2	4,549E-1	1,243E-1	4,189E-2
11.02.2020 16:19:46	3,670E+2	4,586E-1	1,243E-1	4,189E-2
11.02.2020 16:19:47	3,680E+2	4,586E-1	1,243E-1	4,189E-2
11.02.2020 16:19:48	3,690E+2	4,586E-1	1,263E-1	4,189E-2
11.02.2020 16:19:49	3,700E+2	4,658E-1	1,263E-1	4,189E-2
11.02.2020 16:19:50	3,710E+2	4,658E-1	1,263E-1	4,189E-2
11.02.2020 16:19:51	3,720E+2	4,658E-1	1,223E-1	4,189E-2
11.02.2020 16:19:52	3,730E+2	4,694E-1	1,223E-1	4,189E-2
11.02.2020 16:19:53	3,740E+2	4,694E-1	1,243E-1	4,189E-2
11.02.2020 16:19:54	3,750E+2	4,694E-1	1,284E-1	4,189E-2
11.02.2020 16:19:55	3,760E+2	4,730E-1	1,223E-1	4,189E-2
11.02.2020 16:19:56	3,770E+2	4,730E-1	1,263E-1	4,189E-2
11.02.2020 16:19:57	3,780E+2	4,730E-1	1,304E-1	4,189E-2
11.02.2020 16:19:58	3,790E+2	4,803E-1	1,263E-1	4,189E-2
11.02.2020 16:19:59	3,800E+2	4,839E-1	1,263E-1	4,189E-2
11.02.2020 16:20:00	3,810E+2	4,839E-1	1,284E-1	4,189E-2
11.02.2020 16:20:01	3,820E+2	4,839E-1	1,223E-1	4,189E-2
11.02.2020 16:20:02	3,830E+2	4,876E-1	1,223E-1	4,189E-2
11.02.2020 16:20:03	3,840E+2	4,876E-1	1,284E-1	4,189E-2
11.02.2020 16:20:04	3,850E+2	4,949E-1	1,304E-1	4,189E-2
11.02.2020 16:20:05	3,860E+2	4,912E-1	1,243E-1	4,189E-2
11.02.2020 16:20:06	3,870E+2	4,949E-1	1,243E-1	4,189E-2
11.02.2020 16:20:07	3,880E+2	4,949E-1	1,243E-1	4,189E-2
11.02.2020 16:20:08	3,890E+2	4,985E-1	1,284E-1	4,189E-2
11.02.2020 16:20:09	3,900E+2	5,022E-1	1,284E-1	4,189E-2
11.02.2020 16:20:10	3,910E+2	5,022E-1	1,263E-1	4,189E-2
11.02.2020 16:20:11	3,920E+2	5,059E-1	1,263E-1	4,189E-2
11.02.2020 16:20:12	3,930E+2	5,022E-1	1,223E-1	4,189E-2
11.02.2020 16:20:13	3,940E+2	5,059E-1	1,243E-1	4,189E-2
11.02.2020 16:20:14	3,950E+2	5,132E-1	1,243E-1	4,189E-2
11.02.2020 16:20:15	3,960E+2	5,132E-1	1,304E-1	4,189E-2
11.02.2020 16:20:16	3,970E+2	5,132E-1	1,263E-1	4,189E-2
11.02.2020 16:20:17	3,980E+2	5,132E-1	1,182E-1	4,189E-2
11.02.2020 16:20:18	3,990E+2	5,132E-1	1,243E-1	4,189E-2
11.02.2020 16:20:19	4,000E+2	5,169E-1	1,202E-1	4,189E-2
11.02.2020 16:20:20	4,010E+2	5,206E-1	1,243E-1	4,189E-2
11.02.2020 16:20:21	4,020E+2	5,206E-1	1,304E-1	4,189E-2
11.02.2020 16:20:22	4,030E+2	5,243E-1	1,304E-1	4,189E-2
11.02.2020 16:20:23	4,040E+2	5,243E-1	1,243E-1	4,189E-2
11.02.2020 16:20:24	4,050E+2	5,243E-1	1,263E-1	4,189E-2
11.02.2020 16:20:25	4,060E+2	5,243E-1	1,223E-1	4,189E-2
11.02.2020 16:20:26	4,070E+2	5,280E-1	1,263E-1	4,189E-2
11.02.2020 16:20:27	4,080E+2	5,317E-1	1,223E-1	4,189E-2
11.02.2020 16:20:28	4,090E+2	5,354E-1	1,243E-1	4,189E-2
11.02.2020 16:20:29	4,100E+2	5,354E-1	1,223E-1	4,189E-2
11.02.2020 16:20:30	4,110E+2	5,354E-1	1,304E-1	4,189E-2
11.02.2020 16:20:31	4,120E+2	5,428E-1	1,223E-1	4,189E-2
11.02.2020 16:20:32	4,130E+2	5,465E-1	1,284E-1	4,189E-2
11.02.2020 16:20:33	4,140E+2	5,465E-1	1,284E-1	4,189E-2
11.02.2020 16:20:34	4,150E+2	5,428E-1	1,263E-1	4,189E-2
11.02.2020 16:20:35	4,160E+2	5,428E-1	1,284E-1	4,189E-2
11.02.2020 16:20:36	4,170E+2	5,465E-1	1,284E-1	4,189E-2
11.02.2020 16:20:37	4,180E+2	5,502E-1	1,284E-1	4,189E-2
11.02.2020 16:20:38	4,190E+2	5,502E-1	1,304E-1	4,189E-2
11.02.2020 16:20:39	4,200E+2	5,502E-1	1,223E-1	4,189E-2
11.02.2020 16:20:40	4,210E+2	5,540E-1	1,223E-1	4,189E-2
11.02.2020 16:20:41	4,220E+2	5,577E-1	1,284E-1	4,189E-2
11.02.2020 16:20:42	4,230E+2	5,577E-1	1,284E-1	4,189E-2
11.02.2020 16:20:43	4,240E+2	5,577E-1	1,304E-1	4,189E-2
11.02.2020 16:20:44	4,250E+2	5,577E-1	1,263E-1	4,189E-2
11.02.2020 16:20:45	4,260E+2	5,614E-1	1,243E-1	4,189E-2
11.02.2020 16:20:46	4,270E+2	5,652E-1	1,223E-1	4,189E-2
11.02.2020 16:20:47	4,280E+2	5,689E-1	1,243E-1	4,189E-2
11.02.2020 16:20:48	4,290E+2	5,689E-1	1,223E-1	4,189E-2
11.02.2020 16:20:49	4,300E+2	5,689E-1	1,263E-1	4,189E-2
11.02.2020 16:20:50	4,310E+2	5,726E-1	1,263E-1	4,189E-2
11.02.2020 16:20:51	4,320E+2	5,726E-1	1,223E-1	4,189E-2
11.02.2020 16:20:52	4,330E+2	5,764E-1	1,223E-1	4,189E-2
11.02.2020 16:20:53	4,340E+2	5,764E-1	1,243E-1	4,189E-2
11.02.2020 16:20:54	4,350E+2	5,839E-1	1,202E-1	4,189E-2
11.02.2020 16:20:55	4,360E+2	5,839E-1	1,223E-1	4,189E-2
11.02.2020 16:20:56	4,370E+2	5,839E-1	1,304E-1	4,189E-2
11.02.2020 16:20:57	4,380E+2	5,839E-1	1,243E-1	4,189E-2
11.02.2020 16:20:58	4,390E+2	5,839E-1	1,304E-1	4,189E-2
11.02.2020 16:20:59	4,400E+2	5,877E-1	1,202E-1	4,189E-2
11.02.2020 16:21:00	4,410E+2	5,877E-1	1,284E-1	4,189E-2
11.02.2020 16:21:01	4,420E+2	5,915E-1	1,263E-1	4,189E-2
11.02.2020 16:21:02	4,430E+2	5,952E-1	1,223E-1	4,189E-2
11.02.2020 16:21:03	4,440E+2	5,952E-1	1,223E-1	4,189E-2
11.02.2020 16:21:04	4,450E+2	5,952E-1	1,304E-1	4,189E-2
11.02.2020 16:21:05	4,460E+2	5,952E-1	1,284E-1	4,189E-2
11.02.2020 16:21:06	4,470E+2	5,952E-1	1,223E-1	4,189E-2
11.02.2020 16:21:07	4,480E+2	5,990E-1	1,284E-1	4,189E-2
11.02.2020 16:21:08	4,490E+2	6,066E-1	1,223E-1	4,189E-2
11.02.2020 16:21:09	4,500E+2	6,028E-1	1,284E-1	4,189E-2
11.02.2020 16:21:10	4,510E+2	6,028E-1	1,263E-1	4,189E-2
11.02.2020 16:21:11	4,520E+2	6,066E-1	1,243E-1	4,189E-2
11.02.2020 16:21:12	4,530E+2	6,104E-1	1,202E-1	4,189E-2
11.02.2020 16:21:13	4,540E+2	6,104E-1	1,243E-1	4,189E-2
11.02.2020 16:21:14	4,550E+2	6,066E-1	1,223E-1	4,189E-2
11.02.2020 16:21:15	4,560E+2	6,180E-1	1,223E-1	4,189E-2
11.02.2020 16:21:16	4,570E+2	6,180E-1	1,284E-1	4,189E-2
11.02.2020 16:21:17	4,580E+2	6,180E-1	1,304E-1	4,189E-2
11.02.2020 16:21:18	4,590E+2	6,180E-1	1,223E-1	4,189E-2
11.02.2020 16:21:19	4,600E+2	6,256E-1	1,223E-1	4,189E-2
11.02.2020 16:21:20	4,610E+2	6,294E-1	1,223E-1	4,189E-2
11.02.2020 16:21:21	4,620E+2	6,256E-1	1,304E-1	4,189E-2
11.02.2020 16:21:22	4,630E+2	6,256E-1	1,243E-1	4,189E-2
11.02.2020 16:21:23	4,640E+2	6,256E-1	1,263E-1	4,189E-2
11.02.2020 16:21:24	4,650E+2	6,294E-1	1,243E-1	4,189E-2
11.02.2020 16:21:25	4,660E+2	6,294E-1	1,223E-1	4,189E-2
11.02.2020 16:21:26	4,670E+2	6,332E-1	1,304E-1	4,189E-2
11.02.2020 16:21:27	4,680E+2	6,371E-1	1,284E-1	4,189E-2
11.02.2020 16:21:28	4,690E+2	6,371E-1	1,263E-1	4,189E-2
11.02.2020 16:21:29	4,700E+2	6,409E-1	1,263E-1	4,189E-2
11.02.2020 16:21:30	4,710E+2	6,409E-1	1,223E-1	4,189E-2
11.02.2020 16:21:31	4,720E+2	6,447E-1	1,284E-1	4,189E-2
11.02.2020 16:21:32	4,730E+2	6,447E-1	1,223E-1	4,189E-2
11.02.2020 16:21:33	4,740E+2	6,447E-1	1,263E-1	4,189E-2
11.02.2020 16:21:34	4,750E+2	6,486E-1	1,263E-1	4,189E-2
11.02.2020 16:21:35	4,760E+2	6,486E-1	1,243E-1	4,189E-2
11.02.2020 16:21:36	4,770E+2	6,524E-1	1,243E-1	4,189E-2
11.02.2020 16:21:37	4,780E+2	6,524E-1	1,223E-1	4,189E-2
11.02.2020 16:21:38	4,790E+2	6,486E-1	1,243E-1	4,189E-2
11.02.2020 16:21:39	4,800E+2	6,563E-1	1,304E-1	4,189E-2
11.02.2020 16:21:40	4,810E+2	6,601E-1	1,243E-1	4,189E-2
11.02.2020 16:21:41	4,820E+2	6,640E-1	1,304E-1	4,189E-2
11.02.2020 16:21:42	4,830E+2	6,601E-1	1,243E-1	4,189E-2
11.02.2020 16:21:43	4,840E+2	6,679E-1	1,243E-1	4,189E-2
11.02.2020 16:21:44	4,850E+2	6,679E-1	1,263E-1	4,189E-2
11.02.2020 16:21:45	4,860E+2	6,679E-1	1,284E-1	4,189E-2
11.02.2020 16:21:46	4,870E+2	6,717E-1	1,304E-1	4,189E-2
11.02.2020 16:21:47	4,880E+2	6,717E-1	1,223E-1	4,189E-2
11.02.2020 16:21:48	4,890E+2	6,756E-1	1,202E-1	4,189E-2
11.02.2020 16:21:49	4,900E+2	6,756E-1	1,243E-1	4,189E-2
11.02.2020 16:21:50	4,910E+2	6,756E-1	1,284E-1	4,189E-2
11.02.2020 16:21:51	4,920E+2	6,756E-1	1,243E-1	4,189E-2
11.02.2020 16:21:52	4,930E+2	6,795E-1	1,304E-1	4,189E-2
11.02.2020 16:21:53	4,940E+2	6,834E-1	1,223E-1	4,189E-2
11.02.2020 16:21:54	4,950E+2	6,834E-1	1,263E-1	4,189E-2
11.02.2020 16:21:55	4,960E+2	6,834E-1	1,243E-1	4,189E-2
11.02.2020 16:21:56	4,970E+2	6,873E-1	1,263E-1	4,189E-2
11.02.2020 16:21:57	4,980E+2	6,873E-1	1,223E-1	4,189E-2
11.02.2020 16:21:58	4,990E+2	6,873E-1	1,243E-1	4,189E-2
11.02.2020 16:21:59	5,000E+2	6,912E-1	1,243E-1	4,189E-2
11.02.2020 16:22:00	5,010E+2	6,951E-1	1,223E-1	4,189E-2
11.02.2020 16:22:01	5,020E+2	6,951E-1	1,223E-1	4,189E-2
11.02.2020 16:22:02	5,030E+2	6,951E-1	1,243E-1	4,189E-2
11.02.2020 16:22:03	5,040E+2	6,912E-1	1,243E-1	4,189E-2
11.02.2020 16:22:04	5,050E+2	6,912E-1	1,223E-1	4,189E-2
11.02.2020 16:22:05	5,060E+2	6,951E-1	1,243E-1	4,189E-2
11.02.2020 16:22:06	5,070E+2	6,990E-1	1,304E-1	4,189E-2
11.02.2020 16:22:07	5,080E+2	7,029E-1	1,223E-1	4,189E-2
11.02.2020 16:22:08	5,090E+2	7,029E-1	1,304E-1	4,189E-2
11.02.2020 16:22:09	5,100E+2	7,029E-1	1,223E-1	4,189E-2
11.02.2020 16:22:10	5,110E+2	7,107E-1	1,243E-1	4,189E-2
11.02.2020 16:22:11	5,120E+2	7,068E-1	1,284E-1	4,189E-2
11.02.2020 16:22:12	5,130E+2	7,107E-1	1,243E-1	4,189E-2
11.02.2020 16:22:13	5,140E+2	7,147E-1	1,263E-1	4,189E-2
11.02.2020 16:22:14	5,150E+2	7,147E-1	1,284E-1	4,189E-2
11.02.2020 16:22:15	5,160E+2	7,147E-1	1,284E-1	4,189E-2
11.02.2020 16:22:16	5,170E+2	7,147E-1	1,304E-1	4,189E-2
11.02.2020 16:22:17	5,180E+2	7,147E-1	1,284E-1	4,189E-2
11.02.2020 16:22:18	5,190E+2	7,225E-1	1,263E-1	4,189E-2
11.02.2020 16:22:19	5,200E+2	7,265E-1	1,304E-1	4,189E-2
11.02.2020 16:22:20	5,210E+2	7,265E-1	1,284E-1	4,189E-2
11.02.2020 16:22:21	5,220E+2	7,225E-1	1,284E-1	4,189E-2
11.02.2020 16:22:22	5,230E+2	7,265E-1	1,223E-1	4,189E-2
11.02.2020 16:22:23	5,240E+2	7,265E-1	1,243E-1	4,189E-2
11.02.2020 16:22:24	5,250E+2	7,344E-1	1,284E-1	4,189E-2
11.02.2020 16:22:25	5,260E+2	7,304E-1	1,263E-1	4,189E-2
11.02.2020 16:22:26	5,270E+2	7,304E-1	1,223E-1	4,189E-2
11.02.2020 16:22:27	5,280E+2	7,304E-1	1,243E-1	4,189E-2
11.02.2020 16:22:28	5,290E+2	7,383E-1	1,243E-1	4,189E-2
11.02.2020 16:22:29	5,300E+2	7,423E-1	1,223E-1	4,189E-2
11.02.2020 16:22:30	5,310E+2	7,383E-1	1,243E-1	4,189E-2
11.02.2020 16:22:31	5,320E+2	7,423E-1	1,243E-1	4,189E-2
11.02.2020 16:22:32	5,330E+2	7,423E-1	1,223E-1	4,189E-2
11.02.2020 16:22:33	5,340E+2	7,423E-1	1,263E-1	4,189E-2
11.02.2020 16:22:34	5,350E+2	7,423E-1	1,223E-1	4,189E-2
11.02.2020 16:22:35	5,360E+2	7,463E-1	1,223E-1	4,189E-2
11.02.2020 16:22:36	5,370E+2	7,463E-1	1,243E-1	4,189E-2
11.02.2020 16:22:37	5,380E+2	7,502E-1	1,284E-1	4,189E-2
11.02.2020 16:22:38	5,390E+2	7,502E-1	1,304E-1	4,189E-2
11.02.2020 16:22:39	5,400E+2	7,582E-1	1,223E-1	4,189E-2
11.02.2020 16:22:40	5,410E+2	7,582E-1	1,243E-1	4,189E-2
11.02.2020 16:22:41	5,420E+2	7,582E-1	1,263E-1	4,189E-2
11.02.2020 16:22:42	5,430E+2	7,622E-1	1,243E-1	4,189E-2
11.02.2020 16:22:43	5,440E+2	7,622E-1	1,263E-1	4,189E-2
11.02.2020 16:22:44	5,450E+2	7,622E-1	1,284E-1	4,189E-2
11.02.2020 16:22:45	5,460E+2	7,622E-1	1,223E-1	4,189E-2
11.02.2020 16:22:46	5,470E+2	7,702E-1	1,223E-1	4,189E-2
11.02.2020 16:22:47	5,480E+2	7,662E-1	1,284E-1	4,189E-2
11.02.2020 16:22:48	5,490E+2	7,702E-1	1,304E-1	4,189E-2
11.02.2020 16:22:49	5,500E+2	7,702E-1	1,263E-1	4,189E-2
11.02.2020 16:22:50	5,510E+2	7,702E-1	1,304E-1	4,189E-2
11.02.2020 16:22:51	5,520E+2	7,742E-1	1,263E-1	4,189E-2
11.02.2020 16:22:52	5,530E+2	7,742E-1	1,304E-1	4,189E-2
11.02.2020 16:22:53	5,540E+2	7,782E-1	1,243E-1	4,189E-2
11.02.2020 16:22:54	5,550E+2	7,742E-1	1,263E-1	4,189E-2
11.02.2020 16:22:55	5,560E+2	7,822E-1	1,223E-1	4,189E-2
11.02.2020 16:22:56	5,570E+2	7,742E-1	1,243E-1	4,189E-2
11.02.2020 16:22:57	5,580E+2	7,822E-1	1,223E-1	4,189E-2
11.02.2020 16:22:58	5,590E+2	7,862E-1	1,263E-1	4,189E-2
11.02.2020 16:22:59	5,600E+2	7,862E-1	1,263E-1	4,189E-2
11.02.2020 16:23:00	5,610E+2	7,902E-1	1,223E-1	4,189E-2
11.02.2020 16:23:01	5,620E+2	7,902E-1	1,223E-1	4,189E-2
11.02.2020 16:23:02	5,630E+2	7,902E-1	1,284E-1	4,189E-2
11.02.2020 16:23:03	5,640E+2	7,902E-1	1,304E-1	4,189E-2
11.02.2020 16:23:04	5,650E+2	7,943E-1	1,223E-1	4,189E-2
11.02.2020 16:23:05	5,660E+2	7,902E-1	1,263E-1	4,189E-2
11.02.2020 16:23:06	5,670E+2	7,943E-1	1,263E-1	4,189E-2
11.02.2020 16:23:07	5,680E+2	8,023E-1	1,263E-1	4,189E-2
11.02.2020 16:23:08	5,690E+2	7,983E-1	1,304E-1	4,189E-2
11.02.2020 16:23:09	5,700E+2	8,023E-1	1,263E-1	4,189E-2
11.02.2020 16:23:10	5,710E+2	8,064E-1	1,304E-1	4,189E-2
11.02.2020 16:23:11	5,720E+2	8,064E-1	1,284E-1	4,189E-2
11.02.2020 16:23:12	5,730E+2	8,064E-1	1,223E-1	4,189E-2
11.02.2020 16:23:13	5,740E+2	8,064E-1	1,243E-1	4,189E-2
11.02.2020 16:23:14	5,750E+2	8,064E-1	1,263E-1	4,189E-2
11.02.2020 16:23:15	5,760E+2	8,064E-1	1,304E-1	4,189E-2
11.02.2020 16:23:16	5,770E+2	8,064E-1	1,304E-1	4,189E-2
11.02.2020 16:23:17	5,780E+2	8,145E-1	1,243E-1	4,189E-2
11.02.2020 16:23:18	5,790E+2	8,145E-1	1,223E-1	4,189E-2
11.02.2020 16:23:19	5,800E+2	8,186E-1	1,243E-1	4,189E-2
11.02.2020 16:23:20	5,810E+2	8,226E-1	1,284E-1	4,189E-2
11.02.2020 16:23:21	5,820E+2	8,226E-1	1,284E-1	4,189E-2
11.02.2020 16:23:22	5,830E+2	8,226E-1	1,304E-1	4,189E-2
11.02.2020 16:23:23	5,840E+2	8,226E-1	1,304E-1	4,189E-2
11.02.2020 16:23:24	5,850E+2	8,226E-1	1,304E-1	4,189E-2
11.02.2020 16:23:25	5,860E+2	8,267E-1	1,223E-1	4,189E-2
11.02.2020 16:23:26	5,870E+2	8,267E-1	1,263E-1	4,189E-2
11.02.2020 16:23:27	5,880E+2	8,267E-1	1,243E-1	4,189E-2
11.02.2020 16:23:28	5,890E+2	8,349E-1	1,284E-1	4,189E-2
11.02.2020 16:23:29	5,900E+2	8,349E-1	1,284E-1	4,189E-2
11.02.2020 16:23:30	5,910E+2	8,349E-1	1,202E-1	4,189E-2
11.02.2020 16:23:31	5,920E+2	8,349E-1	1,263E-1	4,189E-2
11.02.2020 16:23:32	5,930E+2	8,390E-1	1,223E-1	4,189E-2
11.02.2020 16:23:33	5,940E+2	8,390E-1	1,284E-1	4,189E-2
11.02.2020 16:23:34	5,950E+2	8,390E-1	1,304E-1	4,189E-2
11.02.2020 16:23:35	5,960E+2	8,390E-1	1,284E-1	4,189E-2
11.02.2020 16:23:36	5,970E+2	8,431E-1	1,223E-1	4,189E-2
11.02.2020 16:23:37	5,980E+2	8,431E-1	1,223E-1	4,189E-2
11.02.2020 16:23:38	5,990E+2	8,472E-1	1,284E-1	4,189E-2
11.02.2020 16:23:39	6,000E+2	8,472E-1	1,243E-1	4,189E-2
11.02.2020 16:23:40	6,010E+2	8,513E-1	1,284E-1	4,189E-2
11.02.2020 16:23:41	6,020E+2	8,554E-1	1,243E-1	4,189E-2
11.02.2020 16:23:42	6,030E+2	8,595E-1	1,284E-1	4,189E-2
11.02.2020 16:23:43	6,040E+2	8,595E-1	1,223E-1	4,189E-2
11.02.2020 16:23:44	6,050E+2	8,595E-1	1,284E-1	4,189E-2
11.02.2020 16:23:45	6,060E+2	8,554E-1	1,284E-1	4,189E-2
11.02.2020 16:23:46	6,070E+2	8,636E-1	1,223E-1	4,189E-2
11.02.2020 16:23:47	6,080E+2	8,595E-1	1,223E-1	4,189E-2
11.02.2020 16:23:48	6,090E+2	8,677E-1	1,223E-1	4,189E-2
11.02.2020 16:23:49	6,100E+2	8,677E-1	1,243E-1	4,189E-2
11.02.2020 16:23:50	6,110E+2	8,719E-1	1,243E-1	4,189E-2
11.02.2020 16:23:51	6,120E+2	8,719E-1	1,243E-1	4,189E-2
11.02.2020 16:23:52	6,130E+2	8,719E-1	1,243E-1	4,189E-2
11.02.2020 16:23:53	6,140E+2	8,760E-1	1,243E-1	4,189E-2
11.02.2020 16:23:54	6,150E+2	8,719E-1	1,243E-1	4,189E-2
11.02.2020 16:23:55	6,160E+2	8,760E-1	1,284E-1	4,189E-2
11.02.2020 16:23:56	6,170E+2	8,760E-1	1,284E-1	4,189E-2
11.02.2020 16:23:57	6,180E+2	8,802E-1	1,284E-1	4,189E-2
11.02.2020 16:23:58	6,190E+2	8,843E-1	1,223E-1	4,189E-2
11.02.2020 16:23:59	6,200E+2	8,802E-1	1,243E-1	4,189E-2
11.02.2020 16:24:00	6,210E+2	8,843E-1	1,263E-1	4,189E-2
11.02.2020 16:24:01	6,220E+2	8,885E-1	1,223E-1	4,189E-2
11.02.2020 16:24:02	6,230E+2	8,843E-1	1,223E-1	4,189E-2
11.02.2020 16:24:03	6,240E+2	8,885E-1	1,223E-1	4,189E-2
11.02.2020 16:24:04	6,250E+2	8,885E-1	1,304E-1	4,189E-2
11.02.2020 16:24:05	6,260E+2	8,926E-1	1,284E-1	4,189E-2
11.02.2020 16:24:06	6,270E+2	8,926E-1	1,243E-1	4,189E-2
11.02.2020 16:24:07	6,280E+2	8,926E-1	1,263E-1	4,189E-2
11.02.2020 16:24:08	6,290E+2	8,968E-1	1,284E-1	4,189E-2
11.02.2020 16:24:09	6,300E+2	8,968E-1	1,284E-1	4,189E-2
11.02.2020 16:24:10	6,310E+2	8,968E-1	1,243E-1	4,189E-2
11.02.2020 16:24:11	6,320E+2	9,052E-1	1,243E-1	4,189E-2
11.02.2020 16:24:12	6,330E+2	9,010E-1	1,284E-1	4,189E-2
11.02.2020 16:24:13	6,340E+2	9,010E-1	1,304E-1	4,189E-2
11.02.2020 16:24:14	6,350E+2	9,052E-1	1,304E-1	4,189E-2
11.02.2020 16:24:15	6,360E+2	9,010E-1	1,263E-1	4,189E-2
11.02.2020 16:24:16	6,370E+2	9,052E-1	1,223E-1	4,189E-2
11.02.2020 16:24:17	6,380E+2	9,052E-1	1,263E-1	4,189E-2
11.02.2020 16:24:18	6,390E+2	9,093E-1	1,304E-1	4,189E-2
11.02.2020 16:24:19	6,400E+2	9,135E-1	1,284E-1	4,189E-2
11.02.2020 16:24:20	6,410E+2	9,135E-1	1,284E-1	4,189E-2
11.02.2020 16:24:21	6,420E+2	9,135E-1	1,263E-1	4,189E-2
11.02.2020 16:24:22	6,430E+2	9,135E-1	1,263E-1	4,189E-2
11.02.2020 16:24:23	6,440E+2	9,135E-1	1,304E-1	4,189E-2
11.02.2020 16:24:24	6,450E+2	9,177E-1	1,263E-1	4,189E-2
11.02.2020 16:24:25	6,460E+2	9,135E-1	1,284E-1	4,189E-2
11.02.2020 16:24:26	6,470E+2	9,177E-1	1,202E-1	4,189E-2
11.02.2020 16:24:27	6,480E+2	9,219E-1	1,263E-1	4,189E-2
11.02.2020 16:24:28	6,490E+2	9,219E-1	1,243E-1	4,189E-2
11.02.2020 16:24:29	6,500E+2	9,261E-1	1,263E-1	4,189E-2
11.02.2020 16:24:30	6,510E+2	9,261E-1	1,243E-1	4,189E-2
11.02.2020 16:24:31	6,520E+2	9,304E-1	1,243E-1	4,189E-2
11.02.2020 16:24:32	6,530E+2	9,304E-1	1,223E-1	4,189E-2
11.02.2020 16:24:33	6,540E+2	9,304E-1	1,263E-1	4,189E-2
11.02.2020 16:24:34	6,550E+2	9,346E-1	1,223E-1	4,189E-2
11.02.2020 16:24:35	6,560E+2	9,346E-1	1,304E-1	4,189E-2
11.02.2020 16:24:36	6,570E+2	9,388E-1	1,304E-1	4,189E-2
11.02.2020 16:24:37	6,580E+2	9,388E-1	1,284E-1	4,189E-2
11.02.2020 16:24:38	6,590E+2	9,346E-1	1,284E-1	4,189E-2
11.02.2020 16:24:39	6,600E+2	9,388E-1	1,304E-1	4,189E-2
11.02.2020 16:24:40	6,610E+2	9,388E-1	1,243E-1	4,189E-2
11.02.2020 16:24:41	6,620E+2	9,430E-1	1,223E-1	4,189E-2
11.02.2020 16:24:42	6,630E+2	9,473E-1	1,223E-1	4,189E-2
11.02.2020 16:24:43	6,640E+2	9,430E-1	1,284E-1	4,189E-2
11.02.2020 16:24:44	6,650E+2	9,473E-1	1,284E-1	4,189E-2
11.02.2020 16:24:45	6,660E+2	9,473E-1	1,263E-1	4,189E-2
11.02.2020 16:24:46	6,670E+2	9,515E-1	1,263E-1	4,189E-2
11.02.2020 16:24:47	6,680E+2	9,515E-1	1,263E-1	4,189E-2
11.02.2020 16:24:48	6,690E+2	9,515E-1	1,304E-1	4,189E-2
11.02.2020 16:24:49	6,700E+2	9,558E-1	1,263E-1	4,189E-2
11.02.2020 16:24:50	6,710E+2	9,558E-1	1,284E-1	4,189E-2
11.02.2020 16:24:51	6,720E+2	9,558E-1	1,263E-1	4,189E-2
11.02.2020 16:24:52	6,730E+2	9,600E-1	1,284E-1	4,189E-2
11.02.2020 16:24:53	6,740E+2	9,643E-1	1,223E-1	4,189E-2
11.02.2020 16:24:54	6,750E+2	9,643E-1	1,263E-1	4,189E-2
11.02.2020 16:24:55	6,760E+2	9,643E-1	1,223E-1	4,189E-2
11.02.2020 16:24:56	6,770E+2	9,643E-1	1,243E-1	4,189E-2
11.02.2020 16:24:57	6,780E+2	9,686E-1	1,284E-1	4,189E-2
11.02.2020 16:24:58	6,790E+2	9,643E-1	1,263E-1	4,189E-2
11.02.2020 16:24:59	6,800E+2	9,728E-1	1,284E-1	4,189E-2
11.02.2020 16:25:00	6,810E+2	9,728E-1	1,223E-1	4,189E-2
11.02.2020 16:25:01	6,820E+2	9,728E-1	1,263E-1	4,189E-2
11.02.2020 16:25:02	6,830E+2	9,728E-1	1,304E-1	4,189E-2
11.02.2020 16:25:03	6,840E+2	9,728E-1	1,284E-1	4,189E-2
11.02.2020 16:25:04	6,850E+2	9,771E-1	1,263E-1	4,189E-2
11.02.2020 16:25:05	6,860E+2	9,814E-1	1,243E-1	4,189E-2
11.02.2020 16:25:06	6,870E+2	9,814E-1	1,263E-1	4,189E-2
11.02.2020 16:25:07	6,880E+2	9,814E-1	1,284E-1	4,189E-2
11.02.2020 16:25:08	6,890E+2	9,771E-1	1,284E-1	4,189E-2
11.02.2020 16:25:09	6,900E+2	9,814E-1	1,223E-1	4,189E-2
11.02.2020 16:25:10	6,910E+2	9,814E-1	1,263E-1	4,189E-2
11.02.2020 16:25:11	6,920E+2	9,900E-1	1,263E-1	4,189E-2
11.02.2020 16:25:12	6,930E+2	9,900E-1	1,223E-1	4,189E-2
11.02.2020 16:25:13	6,940E+2	9,900E-1	1,223E-1	4,189E-2
11.02.2020 16:25:14	6,950E+2	9,900E-1	1,284E-1	4,189E-2
11.02.2020 16:25:15	6,960E+2	9,943E-1	1,243E-1	4,189E-2
11.02.2020 16:25:16	6,970E+2	9,986E-1	1,223E-1	4,189E-2
11.02.2020 16:25:17	6,980E+2	9,986E-1	1,223E-1	4,189E-2
11.02.2020 16:25:18	6,990E+2	9,943E-1	1,243E-1	4,189E-2
11.02.2020 16:25:19	7,000E+2	9,943E-1	1,223E-1	4,189E-2
11.02.2020 16:25:20	7,010E+2	9,943E-1	1,284E-1	4,189E-2
11.02.2020 16:25:21	7,020E+2	9,986E-1	1,284E-1	4,189E-2
11.02.2020 16:25:22	7,030E+2	1,003E+0	1,243E-1	4,189E-2
11.02.2020 16:25:23	7,040E+2	1,007E+0	1,223E-1	4,189E-2
11.02.2020 16:25:24	7,050E+2	1,007E+0	1,223E-1	4,189E-2
11.02.2020 16:25:25	7,060E+2	1,007E+0	1,284E-1	4,189E-2
11.02.2020 16:25:26	7,070E+2	1,007E+0	1,223E-1	4,189E-2
11.02.2020 16:25:27	7,080E+2	1,012E+0	1,263E-1	4,189E-2
11.02.2020 16:25:28	7,090E+2	1,012E+0	1,284E-1	4,189E-2
11.02.2020 16:25:29	7,100E+2	1,012E+0	1,243E-1	4,189E-2
11.02.2020 16:25:30	7,110E+2	1,016E+0	1,284E-1	4,189E-2
11.02.2020 16:25:31	7,120E+2	1,016E+0	1,263E-1	4,189E-2
11.02.2020 16:25:32	7,130E+2	1,016E+0	1,243E-1	4,189E-2
11.02.2020 16:25:33	7,140E+2	1,020E+0	1,284E-1	4,189E-2
11.02.2020 16:25:34	7,150E+2	1,016E+0	1,263E-1	4,189E-2
11.02.2020 16:25:35	7,160E+2	1,020E+0	1,284E-1	4,189E-2
11.02.2020 16:25:36	7,170E+2	1,025E+0	1,223E-1	4,189E-2
11.02.2020 16:25:37	7,180E+2	1,025E+0	1,223E-1	4,189E-2
11.02.2020 16:25:38	7,190E+2	1,029E+0	1,243E-1	4,189E-2
11.02.2020 16:25:39	7,200E+2	1,029E+0	1,263E-1	4,189E-2
11.02.2020 16:25:40	7,210E+2	1,029E+0	1,304E-1	4,189E-2
11.02.2020 16:25:41	7,220E+2	1,029E+0	1,243E-1	4,189E-2
11.02.2020 16:25:42	7,230E+2	1,033E+0	1,243E-1	4,189E-2
11.02.2020 16:25:43	7,240E+2	1,038E+0	1,284E-1	4,189E-2
11.02.2020 16:25:44	7,250E+2	1,038E+0	1,223E-1	4,189E-2
11.02.2020 16:25:45	7,260E+2	1,038E+0	1,223E-1	4,189E-2
11.02.2020 16:25:46	7,270E+2	1,038E+0	1,284E-1	4,189E-2
11.02.2020 16:25:47	7,280E+2	1,038E+0	1,243E-1	4,189E-2
11.02.2020 16:25:48	7,290E+2	1,038E+0	1,243E-1	4,189E-2
11.02.2020 16:25:49	7,300E+2	1,042E+0	1,284E-1	4,189E-2
11.02.2020 16:25:50	7,310E+2	1,042E+0	1,223E-1	4,189E-2
11.02.2020 16:25:51	7,320E+2	1,042E+0	1,304E-1	4,189E-2
11.02.2020 16:25:52	7,330E+2	1,046E+0	1,223E-1	4,189E-2
11.02.2020 16:25:53	7,340E+2	1,046E+0	1,202E-1	4,189E-2
11.02.2020 16:25:54	7,350E+2	1,046E+0	1,243E-1	4,189E-2
11.02.2020 16:25:55	7,360E+2	1,051E+0	1,284E-1	4,189E-2
11.02.2020 16:25:56	7,370E+2	1,051E+0	1,263E-1	4,189E-2
11.02.2020 16:25:57	7,380E+2	1,051E+0	1,263E-1	4,189E-2
11.02.2020 16:25:58	7,390E+2	1,051E+0	1,304E-1	4,189E-2
11.02.2020 16:25:59	7,400E+2	1,060E+0	1,263E-1	4,189E-2
11.02.2020 16:26:00	7,410E+2	1,060E+0	1,263E-1	4,189E-2
11.02.2020 16:26:01	7,420E+2	1,064E+0	1,223E-1	4,189E-2
11.02.2020 16:26:02	7,430E+2	1,064E+0	1,223E-1	4,189E-2
11.02.2020 16:26:03	7,440E+2	1,060E+0	1,182E-1	4,189E-2
11.02.2020 16:26:04	7,450E+2	1,064E+0	1,304E-1	4,189E-2
11.02.2020 16:26:05	7,460E+2	1,064E+0	1,263E-1	4,189E-2
11.02.2020 16:26:06	7,470E+2	1,064E+0	1,284E-1	4,189E-2
11.02.2020 16:26:07	7,480E+2	1,068E+0	1,263E-1	4,189E-2
11.02.2020 16:26:08	7,490E+2	1,073E+0	1,263E-1	4,189E-2
11.02.2020 16:26:09	7,500E+2	1,073E+0	1,284E-1	4,189E-2
11.02.2020 16:26:10	7,510E+2	1,073E+0	1,304E-1	4,189E-2
11.02.2020 16:26:11	7,520E+2	1,073E+0	1,284E-1	4,189E-2
11.02.2020 16:26:12	7,530E+2	1,077E+0	1,223E-1	4,189E-2
11.02.2020 16:26:13	7,540E+2	1,077E+0	1,263E-1	4,189E-2
11.02.2020 16:26:14	7,550E+2	1,077E+0	1,223E-1	4,189E-2
11.02.2020 16:26:15	7,560E+2	1,077E+0	1,263E-1	4,189E-2
11.02.2020 16:26:16	7,570E+2	1,082E+0	1,284E-1	4,189E-2
11.02.2020 16:26:17	7,580E+2	1,086E+0	1,243E-1	4,189E-2
11.02.2020 16:26:18	7,590E+2	1,082E+0	1,263E-1	4,189E-2
11.02.2020 16:26:19	7,600E+2	1,086E+0	1,263E-1	4,189E-2
11.02.2020 16:26:20	7,610E+2	1,086E+0	1,284E-1	4,189E-2
11.02.2020 16:26:21	7,620E+2	1,086E+0	1,243E-1	4,189E-2
11.02.2020 16:26:22	7,630E+2	1,086E+0	1,223E-1	4,189E-2
11.02.2020 16:26:23	7,640E+2	1,091E+0	1,263E-1	4,189E-2
11.02.2020 16:26:24	7,650E+2	1,095E+0	1,304E-1	4,189E-2
11.02.2020 16:26:25	7,660E+2	1,095E+0	1,243E-1	4,189E-2
11.02.2020 16:26:26	7,670E+2	1,095E+0	1,304E-1	4,189E-2
11.02.2020 16:26:27	7,680E+2	1,095E+0	1,304E-1	4,189E-2
11.02.2020 16:26:28	7,690E+2	1,099E+0	1,223E-1	4,189E-2
11.02.2020 16:26:29	7,700E+2	1,099E+0	1,263E-1	4,189E-2
11.02.2020 16:26:30	7,710E+2	1,099E+0	1,263E-1	4,189E-2
11.02.2020 16:26:31	7,720E+2	1,104E+0	1,304E-1	4,189E-2
11.02.2020 16:26:32	7,730E+2	1,104E+0	1,223E-1	4,189E-2
11.02.2020 16:26:33	7,740E+2	1,104E+0	1,223E-1	4,189E-2
11.02.2020 16:26:34	7,750E+2	1,104E+0	1,263E-1	4,189E-2
11.02.2020 16:26:35	7,760E+2	1,104E+0	1,263E-1	4,189E-2
11.02.2020 16:26:36	7,770E+2	1,108E+0	1,243E-1	4,189E-2
11.02.2020 16:26:37	7,780E+2	1,108E+0	1,202E-1	4,189E-2
11.02.2020 16:26:38	7,790E+2	1,108E+0	1,223E-1	4,189E-2
11.02.2020 16:26:39	7,800E+2	1,113E+0	1,202E-1	4,189E-2
11.02.2020 16:26:40	7,810E+2	1,113E+0	1,304E-1	4,189E-2
11.02.2020 16:26:41	7,820E+2	1,113E+0	1,304E-1	4,189E-2
11.02.2020 16:26:42	7,830E+2	1,117E+0	1,304E-1	4,189E-2
11.02.2020 16:26:43	7,840E+2	1,117E+0	1,223E-1	4,189E-2
11.02.2020 16:26:44	7,850E+2	1,117E+0	1,223E-1	4,189E-2
11.02.2020 16:26:45	7,860E+2	1,117E+0	1,243E-1	4,189E-2
11.02.2020 16:26:46	7,870E+2	1,117E+0	1,263E-1	4,189E-2
11.02.2020 16:26:47	7,880E+2	1,122E+0	1,223E-1	4,189E-2
11.02.2020 16:26:48	7,890E+2	1,122E+0	1,223E-1	4,189E-2
11.02.2020 16:26:49	7,900E+2	1,126E+0	1,263E-1	4,189E-2
11.02.2020 16:26:50	7,910E+2	1,122E+0	1,304E-1	4,189E-2
11.02.2020 16:26:51	7,920E+2	1,126E+0	1,223E-1	4,189E-2
11.02.2020 16:26:52	7,930E+2	1,131E+0	1,223E-1	4,189E-2
11.02.2020 16:26:53	7,940E+2	1,131E+0	1,223E-1	4,189E-2
11.02.2020 16:26:54	7,950E+2	1,135E+0	1,202E-1	4,189E-2
11.02.2020 16:26:55	7,960E+2	1,135E+0	1,263E-1	4,189E-2
11.02.2020 16:26:56	7,970E+2	1,135E+0	1,243E-1	4,189E-2
11.02.2020 16:26:57	7,980E+2	1,140E+0	1,223E-1	4,189E-2
11.02.2020 16:26:58	7,990E+2	1,140E+0	1,263E-1	4,189E-2
11.02.2020 16:26:59	8,000E+2	1,144E+0	1,263E-1	4,189E-2
11.02.2020 16:27:00	8,010E+2	1,135E+0	1,284E-1	4,189E-2
11.02.2020 16:27:01	8,020E+2	1,149E+0	1,223E-1	4,189E-2
11.02.2020 16:27:02	8,030E+2	1,144E+0	1,263E-1	4,189E-2
11.02.2020 16:27:03	8,040E+2	1,149E+0	1,284E-1	4,189E-2
11.02.2020 16:27:04	8,050E+2	1,149E+0	1,202E-1	4,189E-2
11.02.2020 16:27:05	8,060E+2	1,153E+0	1,243E-1	4,189E-2
11.02.2020 16:27:06	8,070E+2	1,153E+0	1,284E-1	4,189E-2
11.02.2020 16:27:07	8,080E+2	1,153E+0	1,243E-1	4,189E-2
11.02.2020 16:27:08	8,090E+2	1,153E+0	1,263E-1	4,189E-2
11.02.2020 16:27:09	8,100E+2	1,149E+0	1,304E-1	4,189E-2
11.02.2020 16:27:10	8,110E+2	1,153E+0	1,284E-1	4,189E-2
11.02.2020 16:27:11	8,120E+2	1,158E+0	1,304E-1	4,189E-2
11.02.2020 16:27:12	8,130E+2	1,163E+0	1,284E-1	4,189E-2
11.02.2020 16:27:13	8,140E+2	1,163E+0	1,263E-1	4,189E-2
11.02.2020 16:27:14	8,150E+2	1,158E+0	1,284E-1	4,189E-2
11.02.2020 16:27:15	8,160E+2	1,163E+0	1,263E-1	4,189E-2
11.02.2020 16:27:16	8,170E+2	1,163E+0	1,223E-1	4,189E-2
11.02.2020 16:27:17	8,180E+2	1,163E+0	1,284E-1	4,189E-2
11.02.2020 16:27:18	8,190E+2	1,163E+0	1,243E-1	4,189E-2
11.02.2020 16:27:19	8,200E+2	1,167E+0	1,263E-1	4,189E-2
11.02.2020 16:27:20	8,210E+2	1,167E+0	1,223E-1	4,189E-2
11.02.2020 16:27:21	8,220E+2	1,167E+0	1,263E-1	4,189E-2
11.02.2020 16:27:22	8,230E+2	1,167E+0	1,304E-1	4,189E-2
11.02.2020 16:27:23	8,240E+2	1,172E+0	1,223E-1	4,189E-2
11.02.2020 16:27:24	8,250E+2	1,172E+0	1,223E-1	4,189E-2
11.02.2020 16:27:25	8,260E+2	1,176E+0	1,284E-1	4,189E-2
11.02.2020 16:27:26	8,270E+2	1,176E+0	1,263E-1	4,189E-2
11.02.2020 16:27:27	8,280E+2	1,176E+0	1,223E-1	4,189E-2
11.02.2020 16:27:28	8,290E+2	1,181E+0	1,263E-1	4,189E-2
11.02.2020 16:27:29	8,300E+2	1,181E+0	1,284E-1	4,189E-2
11.02.2020 16:27:30	8,310E+2	1,181E+0	1,284E-1	4,189E-2
11.02.2020 16:27:31	8,320E+2	1,181E+0	1,263E-1	4,189E-2
11.02.2020 16:27:32	8,330E+2	1,181E+0	1,263E-1	4,189E-2
11.02.2020 16:27:33	8,340E+2	1,181E+0	1,263E-1	4,189E-2
11.02.2020 16:27:34	8,350E+2	1,185E+0	1,223E-1	4,189E-2
11.02.2020 16:27:35	8,360E+2	1,185E+0	1,284E-1	4,189E-2
11.02.2020 16:27:36	8,370E+2	1,185E+0	1,304E-1	4,189E-2
11.02.2020 16:27:37	8,380E+2	1,190E+0	1,263E-1	4,189E-2
11.02.2020 16:27:38	8,390E+2	1,195E+0	1,263E-1	4,189E-2
11.02.2020 16:27:39	8,400E+2	1,195E+0	1,243E-1	4,189E-2
11.02.2020 16:27:40	8,410E+2	1,195E+0	1,223E-1	4,189E-2
11.02.2020 16:27:41	8,420E+2	1,195E+0	1,263E-1	4,189E-2
11.02.2020 16:27:42	8,430E+2	1,199E+0	1,263E-1	4,189E-2
11.02.2020 16:27:43	8,440E+2	1,195E+0	1,263E-1	4,189E-2
11.02.2020 16:27:44	8,450E+2	1,199E+0	1,284E-1	4,189E-2
11.02.2020 16:27:45	8,460E+2	1,199E+0	1,304E-1	4,189E-2
11.02.2020 16:27:46	8,470E+2	1,199E+0	1,223E-1	4,189E-2
11.02.2020 16:27:47	8,480E+2	1,204E+0	1,263E-1	4,189E-2
11.02.2020 16:27:48	8,490E+2	1,204E+0	1,223E-1	4,189E-2
11.02.2020 16:27:49	8,500E+2	1,204E+0	1,223E-1	4,189E-2
11.02.2020 16:27:50	8,510E+2	1,208E+0	1,263E-1	4,189E-2
11.02.2020 16:27:51	8,520E+2	1,208E+0	1,223E-1	4,189E-2
11.02.2020 16:27:52	8,530E+2	1,208E+0	1,263E-1	4,189E-2
11.02.2020 16:27:53	8,540E+2	1,213E+0	1,284E-1	4,189E-2
11.02.2020 16:27:54	8,550E+2	1,208E+0	1,223E-1	4,189E-2
11.02.2020 16:27:55	8,560E+2	1,213E+0	1,284E-1	4,189E-2
11.02.2020 16:27:56	8,570E+2	1,213E+0	1,263E-1	4,189E-2
11.02.2020 16:27:57	8,580E+2	1,218E+0	1,223E-1	4,189E-2
11.02.2020 16:27:58	8,590E+2	1,218E+0	1,284E-1	4,189E-2
11.02.2020 16:27:59	8,600E+2	1,222E+0	1,243E-1	4,189E-2
11.02.2020 16:28:00	8,610E+2	1,222E+0	1,284E-1	4,189E-2
11.02.2020 16:28:01	8,620E+2	1,222E+0	1,243E-1	4,189E-2
11.02.2020 16:28:02	8,630E+2	1,222E+0	1,243E-1	4,189E-2
11.02.2020 16:28:03	8,640E+2	1,222E+0	1,263E-1	4,189E-2
11.02.2020 16:28:04	8,650E+2	1,222E+0	1,223E-1	4,189E-2
11.02.2020 16:28:05	8,660E+2	1,227E+0	1,284E-1	4,189E-2
11.02.2020 16:28:06	8,670E+2	1,232E+0	1,223E-1	4,189E-2
11.02.2020 16:28:07	8,680E+2	1,227E+0	1,263E-1	4,189E-2
11.02.2020 16:28:08	8,690E+2	1,232E+0	1,223E-1	4,189E-2
11.02.2020 16:28:09	8,700E+2	1,232E+0	1,284E-1	4,189E-2
11.02.2020 16:28:10	8,710E+2	1,227E+0	1,263E-1	4,189E-2
11.02.2020 16:28:11	8,720E+2	1,232E+0	1,263E-1	4,189E-2
11.02.2020 16:28:12	8,730E+2	1,236E+0	1,284E-1	4,189E-2
11.02.2020 16:28:13	8,740E+2	1,236E+0	1,202E-1	4,189E-2
11.02.2020 16:28:14	8,750E+2	1,236E+0	1,223E-1	4,189E-2
11.02.2020 16:28:15	8,760E+2	1,236E+0	1,304E-1	4,189E-2
11.02.2020 16:28:16	8,770E+2	1,241E+0	1,243E-1	4,189E-2
11.02.2020 16:28:17	8,780E+2	1,246E+0	1,284E-1	4,189E-2
11.02.2020 16:28:18	8,790E+2	1,241E+0	1,263E-1	4,189E-2
11.02.2020 16:28:19	8,800E+2	1,246E+0	1,304E-1	4,189E-2
11.02.2020 16:28:20	8,810E+2	1,241E+0	1,263E-1	4,189E-2
11.02.2020 16:28:21	8,820E+2	1,241E+0	1,223E-1	4,189E-2
11.02.2020 16:28:22	8,830E+2	1,246E+0	1,223E-1	4,189E-2
11.02.2020 16:28:23	8,840E+2	1,250E+0	1,223E-1	4,189E-2
11.02.2020 16:28:24	8,850E+2	1,250E+0	1,304E-1	4,189E-2
11.02.2020 16:28:25	8,860E+2	1,250E+0	1,263E-1	4,189E-2
11.02.2020 16:28:26	8,870E+2	1,255E+0	1,243E-1	4,189E-2
11.02.2020 16:28:27	8,880E+2	1,255E+0	1,304E-1	4,189E-2
11.02.2020 16:28:28	8,890E+2	1,255E+0	1,223E-1	4,189E-2
11.02.2020 16:28:29	8,900E+2	1,250E+0	1,284E-1	4,189E-2
11.02.2020 16:28:30	8,910E+2	1,250E+0	1,263E-1	4,189E-2
11.02.2020 16:28:31	8,920E+2	1,260E+0	1,284E-1	4,189E-2
11.02.2020 16:28:32	8,930E+2	1,260E+0	1,263E-1	4,189E-2
11.02.2020 16:28:33	8,940E+2	1,260E+0	1,304E-1	4,189E-2
11.02.2020 16:28:34	8,950E+2	1,260E+0	1,304E-1	4,189E-2
11.02.2020 16:28:35	8,960E+2	1,264E+0	1,243E-1	4,189E-2
11.02.2020 16:28:36	8,970E+2	1,264E+0	1,304E-1	4,189E-2
11.02.2020 16:28:37	8,980E+2	1,264E+0	1,263E-1	4,189E-2
11.02.2020 16:28:38	8,990E+2	1,264E+0	1,263E-1	4,189E-2
11.02.2020 16:28:39	9,000E+2	1,269E+0	1,304E-1	4,189E-2
11.02.2020 16:28:40	9,010E+2	1,264E+0	1,243E-1	4,189E-2
11.02.2020 16:28:41	9,020E+2	1,269E+0	1,243E-1	4,189E-2
11.02.2020 16:28:42	9,030E+2	1,269E+0	1,223E-1	4,189E-2
11.02.2020 16:28:43	9,040E+2	1,269E+0	1,284E-1	4,189E-2
11.02.2020 16:28:44	9,050E+2	1,278E+0	1,243E-1	4,189E-2
11.02.2020 16:28:45	9,060E+2	1,274E+0	1,304E-1	4,189E-2
11.02.2020 16:28:46	9,070E+2	1,278E+0	1,223E-1	4,189E-2
11.02.2020 16:28:47	9,080E+2	1,278E+0	1,263E-1	4,189E-2
11.02.2020 16:28:48	9,090E+2	1,283E+0	1,304E-1	4,189E-2
11.02.2020 16:28:49	9,100E+2	1,283E+0	1,284E-1	4,189E-2
11.02.2020 16:28:50	9,110E+2	1,283E+0	1,304E-1	4,189E-2
11.02.2020 16:28:51	9,120E+2	1,283E+0	1,284E-1	4,189E-2
11.02.2020 16:28:52	9,130E+2	1,283E+0	1,223E-1	4,189E-2
11.02.2020 16:28:53	9,140E+2	1,283E+0	1,243E-1	4,189E-2
11.02.2020 16:28:54	9,150E+2	1,283E+0	1,263E-1	4,189E-2
11.02.2020 16:28:55	9,160E+2	1,293E+0	1,304E-1	4,189E-2
11.02.2020 16:28:56	9,170E+2	1,293E+0	1,263E-1	4,189E-2
11.02.2020 16:28:57	9,180E+2	1,293E+0	1,263E-1	4,189E-2
11.02.2020 16:28:58	9,190E+2	1,293E+0	1,304E-1	4,189E-2
11.02.2020 16:28:59	9,200E+2	1,297E+0	1,284E-1	4,189E-2
11.02.2020 16:29:00	9,210E+2	1,297E+0	1,223E-1	4,189E-2
11.02.2020 16:29:01	9,220E+2	1,297E+0	1,223E-1	4,189E-2
11.02.2020 16:29:02	9,230E+2	1,297E+0	1,263E-1	4,189E-2
11.02.2020 16:29:03	9,240E+2	1,302E+0	1,243E-1	4,189E-2
11.02.2020 16:29:04	9,250E+2	1,297E+0	1,284E-1	4,189E-2
11.02.2020 16:29:05	9,260E+2	1,302E+0	1,223E-1	4,189E-2
11.02.2020 16:29:06	9,270E+2	1,302E+0	1,263E-1	4,189E-2
11.02.2020 16:29:07	9,280E+2	1,302E+0	1,243E-1	4,189E-2
11.02.2020 16:29:08	9,290E+2	1,307E+0	1,284E-1	4,189E-2
11.02.2020 16:29:09	9,300E+2	1,312E+0	1,223E-1	4,189E-2
11.02.2020 16:29:10	9,310E+2	1,307E+0	1,284E-1	4,189E-2
11.02.2020 16:29:11	9,320E+2	1,307E+0	1,284E-1	4,189E-2
11.02.2020 16:29:12	9,330E+2	1,307E+0	1,263E-1	4,189E-2
11.02.2020 16:29:13	9,340E+2	1,312E+0	1,284E-1	4,189E-2
11.02.2020 16:29:14	9,350E+2	1,312E+0	1,284E-1	4,189E-2
11.02.2020 16:29:15	9,360E+2	1,317E+0	1,243E-1	4,189E-2
11.02.2020 16:29:16	9,370E+2	1,317E+0	1,263E-1	4,189E-2
11.02.2020 16:29:17	9,380E+2	1,321E+0	1,243E-1	4,189E-2
11.02.2020 16:29:18	9,390E+2	1,317E+0	1,263E-1	4,189E-2
11.02.2020 16:29:19	9,400E+2	1,317E+0	1,284E-1	4,189E-2
11.02.2020 16:29:20	9,410E+2	1,321E+0	1,223E-1	4,189E-2
11.02.2020 16:29:21	9,420E+2	1,321E+0	1,284E-1	4,189E-2
11.02.2020 16:29:22	9,430E+2	1,317E+0	1,223E-1	4,189E-2
11.02.2020 16:29:23	9,440E+2	1,321E+0	1,223E-1	4,189E-2
11.02.2020 16:29:24	9,450E+2	1,321E+0	1,304E-1	4,189E-2
11.02.2020 16:29:25	9,460E+2	1,326E+0	1,243E-1	4,189E-2
11.02.2020 16:29:26	9,470E+2	1,326E+0	1,202E-1	4,189E-2
11.02.2020 16:29:27	9,480E+2	1,331E+0	1,243E-1	4,189E-2
11.02.2020 16:29:28	9,490E+2	1,326E+0	1,304E-1	4,189E-2
11.02.2020 16:29:29	9,500E+2	1,331E+0	1,223E-1	4,189E-2
11.02.2020 16:29:30	9,510E+2	1,336E+0	1,284E-1	4,189E-2
11.02.2020 16:29:31	9,520E+2	1,336E+0	1,284E-1	4,189E-2
11.02.2020 16:29:32	9,530E+2	1,336E+0	1,304E-1	4,189E-2
11.02.2020 16:29:33	9,540E+2	1,331E+0	1,284E-1	4,189E-2
11.02.2020 16:29:34	9,550E+2	1,341E+0	1,223E-1	4,189E-2
11.02.2020 16:29:35	9,560E+2	1,336E+0	1,263E-1	4,189E-2
11.02.2020 16:29:36	9,570E+2	1,336E+0	1,223E-1	4,189E-2
11.02.2020 16:29:37	9,580E+2	1,341E+0	1,304E-1	4,189E-2
11.02.2020 16:29:38	9,590E+2	1,341E+0	1,263E-1	4,189E-2
11.02.2020 16:29:39	9,600E+2	1,341E+0	1,223E-1	4,189E-2
11.02.2020 16:29:40	9,610E+2	1,345E+0	1,284E-1	4,189E-2
11.02.2020 16:29:41	9,620E+2	1,341E+0	1,223E-1	4,189E-2
11.02.2020 16:29:42	9,630E+2	1,345E+0	1,223E-1	4,189E-2
11.02.2020 16:29:43	9,640E+2	1,345E+0	1,263E-1	4,189E-2
11.02.2020 16:29:44	9,650E+2	1,350E+0	1,263E-1	4,189E-2
11.02.2020 16:29:45	9,660E+2	1,345E+0	1,263E-1	4,189E-2
11.02.2020 16:29:46	9,670E+2	1,350E+0	1,304E-1	4,189E-2
11.02.2020 16:29:47	9,680E+2	1,350E+0	1,243E-1	4,189E-2
11.02.2020 16:29:48	9,690E+2	1,355E+0	1,284E-1	4,189E-2
11.02.2020 16:29:49	9,700E+2	1,355E+0	1,223E-1	4,189E-2
11.02.2020 16:29:50	9,710E+2	1,355E+0	1,263E-1	4,189E-2
11.02.2020 16:29:51	9,720E+2	1,360E+0	1,243E-1	4,189E-2
11.02.2020 16:29:52	9,730E+2	1,360E+0	1,284E-1	4,189E-2
11.02.2020 16:29:53	9,740E+2	1,360E+0	1,243E-1	4,189E-2
11.02.2020 16:29:54	9,750E+2	1,360E+0	1,202E-1	4,189E-2
11.02.2020 16:29:55	9,760E+2	1,360E+0	1,263E-1	4,189E-2
11.02.2020 16:29:56	9,770E+2	1,360E+0	1,223E-1	4,189E-2
11.02.2020 16:29:57	9,780E+2	1,365E+0	1,223E-1	4,189E-2
11.02.2020 16:29:58	9,790E+2	1,365E+0	1,284E-1	4,189E-2
11.02.2020 16:29:59	9,800E+2	1,370E+0	1,284E-1	4,189E-2
11.02.2020 16:30:00	9,810E+2	1,370E+0	1,263E-1	4,189E-2
11.02.2020 16:30:01	9,820E+2	1,365E+0	1,304E-1	4,189E-2
11.02.2020 16:30:02	9,830E+2	1,370E+0	1,223E-1	4,189E-2
11.02.2020 16:30:03	9,840E+2	1,375E+0	1,263E-1	4,189E-2
11.02.2020 16:30:04	9,850E+2	1,375E+0	1,223E-1	4,189E-2
11.02.2020 16:30:05	9,860E+2	1,375E+0	1,263E-1	4,189E-2
11.02.2020 16:30:06	9,870E+2	1,375E+0	1,223E-1	4,189E-2
11.02.2020 16:30:07	9,880E+2	1,379E+0	1,284E-1	4,189E-2
11.02.2020 16:30:08	9,890E+2	1,375E+0	1,263E-1	4,189E-2
11.02.2020 16:30:09	9,900E+2	1,379E+0	1,223E-1	4,189E-2
11.02.2020 16:30:10	9,910E+2	1,375E+0	1,284E-1	4,189E-2
11.02.2020 16:30:11	9,920E+2	1,375E+0	1,223E-1	4,189E-2
11.02.2020 16:30:12	9,930E+2	1,379E+0	1,284E-1	4,189E-2
11.02.2020 16:30:13	9,940E+2	1,379E+0	1,304E-1	4,189E-2
11.02.2020 16:30:14	9,950E+2	1,379E+0	1,263E-1	4,189E-2
11.02.2020 16:30:15	9,960E+2	1,379E+0	1,284E-1	4,189E-2
11.02.2020 16:30:16	9,970E+2	1,384E+0	1,223E-1	4,189E-2
11.02.2020 16:30:17	9,980E+2	1,384E+0	1,243E-1	4,189E-2
11.02.2020 16:30:18	9,990E+2	1,389E+0	1,304E-1	4,189E-2
11.02.2020 16:30:19	1,000E+3	1,389E+0	1,243E-1	4,189E-2
11.02.2020 16:30:20	1,001E+3	1,389E+0	1,284E-1	4,189E-2
11.02.2020 16:30:21	1,002E+3	1,389E+0	1,263E-1	4,189E-2
11.02.2020 16:30:22	1,003E+3	1,394E+0	1,284E-1	4,189E-2
11.02.2020 16:30:23	1,004E+3	1,394E+0	1,243E-1	4,189E-2
11.02.2020 16:30:24	1,005E+3	1,399E+0	1,263E-1	4,189E-2
11.02.2020 16:30:25	1,006E+3	1,399E+0	1,304E-1	4,189E-2
11.02.2020 16:30:26	1,007E+3	1,399E+0	1,202E-1	4,189E-2
11.02.2020 16:30:27	1,008E+3	1,404E+0	1,284E-1	4,189E-2
11.02.2020 16:30:28	1,009E+3	1,399E+0	1,304E-1	4,189E-2
11.02.2020 16:30:29	1,010E+3	1,404E+0	1,223E-1	4,189E-2
11.02.2020 16:30:30	1,011E+3	1,399E+0	1,304E-1	4,189E-2
11.02.2020 16:30:31	1,012E+3	1,404E+0	1,284E-1	4,189E-2
11.02.2020 16:30:32	1,013E+3	1,399E+0	1,284E-1	4,189E-2
11.02.2020 16:30:33	1,014E+3	1,404E+0	1,263E-1	4,189E-2
11.02.2020 16:30:34	1,015E+3	1,409E+0	1,263E-1	4,189E-2
11.02.2020 16:30:35	1,016E+3	1,409E+0	1,263E-1	4,189E-2
11.02.2020 16:30:36	1,017E+3	1,414E+0	1,243E-1	4,189E-2
11.02.2020 16:30:37	1,018E+3	1,414E+0	1,263E-1	4,189E-2
11.02.2020 16:30:38	1,019E+3	1,414E+0	1,284E-1	4,189E-2
11.02.2020 16:30:39	1,020E+3	1,414E+0	1,263E-1	4,189E-2
11.02.2020 16:30:40	1,021E+3	1,419E+0	1,202E-1	4,189E-2
11.02.2020 16:30:41	1,022E+3	1,414E+0	1,223E-1	4,189E-2
11.02.2020 16:30:42	1,023E+3	1,414E+0	1,223E-1	4,189E-2
11.02.2020 16:30:43	1,024E+3	1,419E+0	1,223E-1	4,189E-2
11.02.2020 16:30:44	1,025E+3	1,419E+0	1,223E-1	4,189E-2
11.02.2020 16:30:45	1,026E+3	1,419E+0	1,263E-1	4,189E-2
11.02.2020 16:30:46	1,027E+3	1,424E+0	1,223E-1	4,189E-2
11.02.2020 16:30:47	1,028E+3	1,419E+0	1,263E-1	4,189E-2
11.02.2020 16:30:48	1,029E+3	1,419E+0	1,223E-1	4,189E-2
11.02.2020 16:30:49	1,030E+3	1,424E+0	1,223E-1	4,189E-2
11.02.2020 16:30:50	1,031E+3	1,424E+0	1,284E-1	4,189E-2
11.02.2020 16:30:51	1,032E+3	1,434E+0	1,223E-1	4,189E-2
11.02.2020 16:30:52	1,033E+3	1,434E+0	1,223E-1	4,189E-2
11.02.2020 16:30:53	1,034E+3	1,434E+0	1,223E-1	4,189E-2
11.02.2020 16:30:54	1,035E+3	1,429E+0	1,223E-1	4,189E-2
11.02.2020 16:30:55	1,036E+3	1,434E+0	1,223E-1	4,189E-2
11.02.2020 16:30:56	1,037E+3	1,434E+0	1,223E-1	4,189E-2
11.02.2020 16:30:57	1,038E+3	1,439E+0	1,223E-1	4,189E-2
11.02.2020 16:30:58	1,039E+3	1,439E+0	1,263E-1	4,189E-2
11.02.2020 16:30:59	1,040E+3	1,439E+0	1,223E-1	4,189E-2
11.02.2020 16:31:00	1,041E+3	1,439E+0	1,304E-1	4,189E-2
11.02.2020 16:31:01	1,042E+3	1,439E+0	1,223E-1	4,189E-2
11.02.2020 16:31:02	1,043E+3	1,439E+0	1,284E-1	4,189E-2
11.02.2020 16:31:03	1,044E+3	1,444E+0	1,243E-1	4,189E-2
11.02.2020 16:31:04	1,045E+3	1,439E+0	1,284E-1	4,189E-2
11.02.2020 16:31:05	1,046E+3	1,439E+0	1,304E-1	4,189E-2
11.02.2020 16:31:06	1,047E+3	1,449E+0	1,223E-1	4,189E-2
11.02.2020 16:31:07	1,048E+3	1,444E+0	1,263E-1	4,189E-2
11.02.2020 16:31:08	1,049E+3	1,444E+0	1,263E-1	4,189E-2
11.02.2020 16:31:09	1,050E+3	1,449E+0	1,304E-1	4,189E-2
11.02.2020 16:31:10	1,051E+3	1,449E+0	1,284E-1	4,189E-2
11.02.2020 16:31:11	1,052E+3	1,449E+0	1,284E-1	4,189E-2
11.02.2020 16:31:12	1,053E+3	1,454E+0	1,284E-1	4,189E-2
11.02.2020 16:31:13	1,054E+3	1,454E+0	1,223E-1	4,189E-2
11.02.2020 16:31:14	1,055E+3	1,449E+0	1,284E-1	4,189E-2
11.02.2020 16:31:15	1,056E+3	1,454E+0	1,304E-1	4,189E-2
11.02.2020 16:31:16	1,057E+3	1,459E+0	1,223E-1	4,189E-2
11.02.2020 16:31:17	1,058E+3	1,454E+0	1,284E-1	4,189E-2
11.02.2020 16:31:18	1,059E+3	1,459E+0	1,202E-1	4,189E-2
11.02.2020 16:31:19	1,060E+3	1,459E+0	1,284E-1	4,189E-2
11.02.2020 16:31:20	1,061E+3	1,459E+0	1,243E-1	4,189E-2
11.02.2020 16:31:21	1,062E+3	1,459E+0	1,223E-1	4,189E-2
11.02.2020 16:31:22	1,063E+3	1,459E+0	1,243E-1	4,189E-2
11.02.2020 16:31:23	1,064E+3	1,464E+0	1,243E-1	4,189E-2
11.02.2020 16:31:24	1,065E+3	1,464E+0	1,263E-1	4,189E-2
11.02.2020 16:31:25	1,066E+3	1,464E+0	1,243E-1	4,189E-2
11.02.2020 16:31:26	1,067E+3	1,464E+0	1,263E-1	4,189E-2
11.02.2020 16:31:27	1,068E+3	1,469E+0	1,243E-1	4,189E-2
11.02.2020 16:31:28	1,069E+3	1,469E+0	1,284E-1	4,189E-2
11.02.2020 16:31:29	1,070E+3	1,474E+0	1,304E-1	4,189E-2
11.02.2020 16:31:30	1,071E+3	1,469E+0	1,243E-1	4,189E-2
11.02.2020 16:31:31	1,072E+3	1,474E+0	1,243E-1	4,189E-2
11.02.2020 16:31:32	1,073E+3	1,469E+0	1,284E-1	4,189E-2
11.02.2020 16:31:33	1,074E+3	1,474E+0	1,243E-1	4,189E-2
11.02.2020 16:31:34	1,075E+3	1,474E+0	1,263E-1	4,189E-2
11.02.2020 16:31:35	1,076E+3	1,474E+0	1,263E-1	4,189E-2
11.02.2020 16:31:36	1,077E+3	1,479E+0	1,243E-1	4,189E-2
11.02.2020 16:31:37	1,078E+3	1,479E+0	1,263E-1	4,189E-2
11.02.2020 16:31:38	1,079E+3	1,474E+0	1,263E-1	4,189E-2
11.02.2020 16:31:39	1,080E+3	1,479E+0	1,304E-1	4,189E-2
11.02.2020 16:31:40	1,081E+3	1,484E+0	1,263E-1	4,189E-2
11.02.2020 16:31:41	1,082E+3	1,479E+0	1,223E-1	4,189E-2
11.02.2020 16:31:42	1,083E+3	1,489E+0	1,284E-1	4,189E-2
11.02.2020 16:31:43	1,084E+3	1,484E+0	1,223E-1	4,189E-2
11.02.2020 16:31:44	1,085E+3	1,489E+0	1,284E-1	4,189E-2
11.02.2020 16:31:45	1,086E+3	1,484E+0	1,284E-1	4,189E-2
11.02.2020 16:31:46	1,087E+3	1,489E+0	1,284E-1	4,189E-2
11.02.2020 16:31:47	1,088E+3	1,484E+0	1,284E-1	4,189E-2
11.02.2020 16:31:48	1,089E+3	1,489E+0	1,223E-1	4,189E-2
11.02.2020 16:31:49	1,090E+3	1,494E+0	1,304E-1	4,189E-2
11.02.2020 16:31:50	1,091E+3	1,494E+0	1,263E-1	4,189E-2
11.02.2020 16:31:51	1,092E+3	1,494E+0	1,284E-1	4,189E-2
11.02.2020 16:31:52	1,093E+3	1,494E+0	1,304E-1	4,189E-2
11.02.2020 16:31:53	1,094E+3	1,499E+0	1,223E-1	4,189E-2
11.02.2020 16:31:54	1,095E+3	1,499E+0	1,223E-1	4,189E-2
11.02.2020 16:31:55	1,096E+3	1,499E+0	1,263E-1	4,189E-2
11.02.2020 16:31:56	1,097E+3	1,494E+0	1,284E-1	4,189E-2
11.02.2020 16:31:57	1,098E+3	1,499E+0	1,243E-1	4,189E-2
11.02.2020 16:31:58	1,099E+3	1,504E+0	1,263E-1	4,189E-2
11.02.2020 16:31:59	1,100E+3	1,499E+0	1,223E-1	4,189E-2
11.02.2020 16:32:00	1,101E+3	1,499E+0	1,284E-1	4,189E-2
11.02.2020 16:32:01	1,102E+3	1,504E+0	1,263E-1	4,189E-2
11.02.2020 16:32:02	1,103E+3	1,504E+0	1,263E-1	4,189E-2
11.02.2020 16:32:03	1,104E+3	1,504E+0	1,263E-1	4,189E-2
11.02.2020 16:32:04	1,105E+3	1,504E+0	1,304E-1	4,189E-2
11.02.2020 16:32:05	1,106E+3	1,509E+0	1,284E-1	4,189E-2
11.02.2020 16:32:06	1,107E+3	1,509E+0	1,304E-1	4,189E-2
11.02.2020 16:32:07	1,108E+3	1,509E+0	1,263E-1	4,189E-2
11.02.2020 16:32:08	1,109E+3	1,514E+0	1,304E-1	4,189E-2
11.02.2020 16:32:09	1,110E+3	1,519E+0	1,284E-1	4,189E-2
11.02.2020 16:32:10	1,111E+3	1,514E+0	1,243E-1	4,189E-2
11.02.2020 16:32:11	1,112E+3	1,519E+0	1,304E-1	4,189E-2
11.02.2020 16:32:12	1,113E+3	1,525E+0	1,263E-1	4,189E-2
11.02.2020 16:32:13	1,114E+3	1,525E+0	1,284E-1	4,189E-2
11.02.2020 16:32:14	1,115E+3	1,525E+0	1,304E-1	4,189E-2
11.02.2020 16:32:15	1,116E+3	1,525E+0	1,263E-1	4,189E-2
11.02.2020 16:32:16	1,117E+3	1,525E+0	1,284E-1	4,189E-2
11.02.2020 16:32:17	1,118E+3	1,519E+0	1,223E-1	4,189E-2
11.02.2020 16:32:18	1,119E+3	1,519E+0	1,263E-1	4,189E-2
11.02.2020 16:32:19	1,120E+3	1,519E+0	1,263E-1	4,189E-2
11.02.2020 16:32:20	1,121E+3	1,525E+0	1,284E-1	4,189E-2
11.02.2020 16:32:21	1,122E+3	1,530E+0	1,284E-1	4,189E-2
11.02.2020 16:32:22	1,123E+3	1,525E+0	1,284E-1	4,189E-2
11.02.2020 16:32:23	1,124E+3	1,535E+0	1,263E-1	4,189E-2
11.02.2020 16:32:24	1,125E+3	1,530E+0	1,304E-1	4,189E-2
11.02.2020 16:32:25	1,126E+3	1,535E+0	1,263E-1	4,189E-2
11.02.2020 16:32:26	1,127E+3	1,530E+0	1,263E-1	4,189E-2
11.02.2020 16:32:27	1,128E+3	1,535E+0	1,202E-1	4,189E-2
11.02.2020 16:32:28	1,129E+3	1,535E+0	1,284E-1	4,189E-2
11.02.2020 16:32:29	1,130E+3	1,535E+0	1,304E-1	4,189E-2
11.02.2020 16:32:30	1,131E+3	1,540E+0	1,263E-1	4,189E-2
11.02.2020 16:32:31	1,132E+3	1,540E+0	1,223E-1	4,189E-2
11.02.2020 16:32:32	1,133E+3	1,540E+0	1,263E-1	4,189E-2
11.02.2020 16:32:33	1,134E+3	1,545E+0	1,223E-1	4,189E-2
11.02.2020 16:32:34	1,135E+3	1,545E+0	1,223E-1	4,189E-2
11.02.2020 16:32:35	1,136E+3	1,540E+0	1,284E-1	4,189E-2
11.02.2020 16:32:36	1,137E+3	1,550E+0	1,223E-1	4,189E-2
11.02.2020 16:32:37	1,138E+3	1,550E+0	1,223E-1	4,189E-2
11.02.2020 16:32:38	1,139E+3	1,545E+0	1,223E-1	4,189E-2
11.02.2020 16:32:39	1,140E+3	1,545E+0	1,223E-1	4,189E-2
11.02.2020 16:32:40	1,141E+3	1,550E+0	1,263E-1	4,189E-2
11.02.2020 16:32:41	1,142E+3	1,550E+0	1,243E-1	4,189E-2
11.02.2020 16:32:42	1,143E+3	1,555E+0	1,304E-1	4,189E-2
11.02.2020 16:32:43	1,144E+3	1,555E+0	1,304E-1	4,189E-2
11.02.2020 16:32:44	1,145E+3	1,555E+0	1,263E-1	4,189E-2
11.02.2020 16:32:45	1,146E+3	1,550E+0	1,263E-1	4,189E-2
11.02.2020 16:32:46	1,147E+3	1,555E+0	1,263E-1	4,189E-2
11.02.2020 16:32:47	1,148E+3	1,555E+0	1,223E-1	2,049E-1
11.02.2020 16:32:48	1,149E+3	1,561E+0	1,223E-1	4,189E-2
11.02.2020 16:32:49	1,150E+3	1,555E+0	1,263E-1	4,189E-2
11.02.2020 16:32:50	1,151E+3	1,561E+0	1,202E-1	4,189E-2
