pulse	I(D2)
-5.000000000000000e-01	3.435444e-08
-4.900000000000000e-01	3.435444e-08
-4.800000000000000e-01	3.435444e-08
-4.700000000000000e-01	3.435444e-08
-4.600000000000000e-01	3.435444e-08
-4.500000000000000e-01	3.435444e-08
-4.399999999999999e-01	3.435444e-08
-4.299999999999999e-01	3.435444e-08
-4.199999999999999e-01	3.435444e-08
-4.099999999999999e-01	3.435444e-08
-3.999999999999999e-01	3.435444e-08
-3.899999999999999e-01	3.435444e-08
-3.799999999999999e-01	3.435444e-08
-3.699999999999999e-01	3.435444e-08
-3.599999999999999e-01	3.435444e-08
-3.499999999999999e-01	3.435444e-08
-3.399999999999999e-01	3.435444e-08
-3.299999999999998e-01	3.435444e-08
-3.199999999999998e-01	3.435444e-08
-3.099999999999998e-01	3.435444e-08
-2.999999999999998e-01	3.435444e-08
-2.899999999999998e-01	3.435444e-08
-2.799999999999998e-01	3.435444e-08
-2.699999999999998e-01	3.435444e-08
-2.599999999999998e-01	3.435444e-08
-2.499999999999998e-01	3.435444e-08
-2.399999999999998e-01	3.435444e-08
-2.299999999999998e-01	3.435444e-08
-2.199999999999998e-01	3.435444e-08
-2.099999999999997e-01	3.435444e-08
-1.999999999999997e-01	3.435444e-08
-1.899999999999997e-01	3.435444e-08
-1.799999999999997e-01	3.435444e-08
-1.699999999999997e-01	3.435444e-08
-1.599999999999997e-01	3.435444e-08
-1.499999999999997e-01	3.435444e-08
-1.399999999999997e-01	3.435444e-08
-1.299999999999997e-01	3.435444e-08
-1.199999999999997e-01	3.435444e-08
-1.099999999999997e-01	3.435444e-08
-9.999999999999969e-02	3.435444e-08
-8.999999999999969e-02	3.435444e-08
-7.999999999999970e-02	3.435444e-08
-6.999999999999970e-02	3.435444e-08
-5.999999999999970e-02	3.435444e-08
-4.999999999999970e-02	3.435444e-08
-3.999999999999970e-02	3.435444e-08
-2.999999999999969e-02	3.435444e-08
-1.999999999999969e-02	3.435444e-08
-9.999999999999691e-03	3.435444e-08
3.087807787238717e-16	3.435444e-08
1.000000000000031e-02	3.435444e-08
2.000000000000031e-02	3.435444e-08
3.000000000000031e-02	3.435444e-08
4.000000000000031e-02	3.435444e-08
5.000000000000032e-02	3.435444e-08
6.000000000000032e-02	3.435444e-08
7.000000000000031e-02	3.435444e-08
8.000000000000031e-02	3.435444e-08
9.000000000000030e-02	3.435444e-08
1.000000000000003e-01	3.435444e-08
1.100000000000003e-01	3.435444e-08
1.200000000000003e-01	3.435444e-08
1.300000000000003e-01	3.435444e-08
1.400000000000003e-01	3.435444e-08
1.500000000000003e-01	3.435444e-08
1.600000000000003e-01	3.435444e-08
1.700000000000003e-01	3.435444e-08
1.800000000000003e-01	3.435444e-08
1.900000000000003e-01	3.435444e-08
2.000000000000003e-01	3.435444e-08
2.100000000000004e-01	3.435444e-08
2.200000000000004e-01	3.435444e-08
2.300000000000004e-01	3.435444e-08
2.400000000000004e-01	3.435444e-08
2.500000000000004e-01	3.435444e-08
2.600000000000004e-01	3.435444e-08
2.700000000000004e-01	3.435444e-08
2.800000000000004e-01	3.435444e-08
2.900000000000004e-01	3.435444e-08
3.000000000000004e-01	3.435444e-08
3.100000000000004e-01	3.435444e-08
3.200000000000005e-01	3.435444e-08
3.300000000000005e-01	3.435444e-08
3.400000000000005e-01	3.435444e-08
3.500000000000005e-01	3.435444e-08
3.600000000000005e-01	3.435444e-08
3.700000000000005e-01	3.435444e-08
3.800000000000005e-01	3.435444e-08
3.900000000000005e-01	3.435444e-08
4.000000000000005e-01	3.435444e-08
4.100000000000005e-01	3.435444e-08
4.200000000000005e-01	3.435444e-08
4.300000000000005e-01	3.435444e-08
4.400000000000006e-01	3.435444e-08
4.500000000000006e-01	3.435444e-08
4.600000000000006e-01	3.435444e-08
4.700000000000006e-01	3.435444e-08
4.800000000000006e-01	3.435444e-08
4.900000000000006e-01	3.435444e-08
5.000000000000006e-01	3.435444e-08
5.100000000000006e-01	3.435444e-08
5.200000000000006e-01	3.435444e-08
5.300000000000006e-01	3.435444e-08
5.400000000000006e-01	3.435444e-08
5.500000000000006e-01	3.435444e-08
5.600000000000006e-01	3.435444e-08
5.700000000000006e-01	3.435444e-08
5.800000000000006e-01	3.435444e-08
5.900000000000006e-01	3.435444e-08
6.000000000000006e-01	3.435444e-08
6.100000000000007e-01	3.435444e-08
6.200000000000007e-01	3.435444e-08
6.300000000000007e-01	3.435444e-08
6.400000000000007e-01	3.435444e-08
6.500000000000007e-01	3.435444e-08
6.600000000000007e-01	3.435444e-08
6.700000000000007e-01	3.435444e-08
6.800000000000007e-01	3.435444e-08
6.900000000000007e-01	3.435444e-08
7.000000000000007e-01	3.435444e-08
7.100000000000007e-01	3.435444e-08
7.200000000000008e-01	3.435444e-08
7.300000000000008e-01	3.435444e-08
7.400000000000008e-01	3.435444e-08
7.500000000000008e-01	3.435444e-08
7.600000000000008e-01	3.435444e-08
7.700000000000008e-01	3.435444e-08
7.800000000000008e-01	3.435444e-08
7.900000000000008e-01	3.435444e-08
8.000000000000008e-01	3.435444e-08
8.100000000000008e-01	3.435444e-08
8.200000000000008e-01	3.435444e-08
8.300000000000008e-01	3.435444e-08
8.400000000000009e-01	3.435444e-08
8.500000000000009e-01	3.435444e-08
8.600000000000009e-01	3.435444e-08
8.700000000000009e-01	3.435444e-08
8.800000000000009e-01	3.435444e-08
8.900000000000009e-01	3.435444e-08
9.000000000000009e-01	3.435444e-08
9.100000000000009e-01	3.435444e-08
9.200000000000009e-01	3.435444e-08
9.300000000000009e-01	3.435444e-08
9.400000000000009e-01	3.435444e-08
9.500000000000010e-01	3.435444e-08
9.600000000000010e-01	3.435444e-08
9.700000000000010e-01	3.435444e-08
9.800000000000010e-01	3.435444e-08
9.900000000000010e-01	3.435444e-08
1.000000000000001e+00	3.435444e-08
1.010000000000001e+00	3.435444e-08
1.020000000000001e+00	3.435444e-08
1.030000000000001e+00	3.435444e-08
1.040000000000001e+00	3.435444e-08
1.050000000000001e+00	3.435444e-08
1.060000000000001e+00	3.435444e-08
1.070000000000001e+00	3.435444e-08
1.080000000000001e+00	3.435444e-08
1.090000000000001e+00	3.435444e-08
1.100000000000001e+00	3.435444e-08
1.110000000000001e+00	3.435444e-08
1.120000000000001e+00	3.435444e-08
1.130000000000001e+00	3.435444e-08
1.140000000000001e+00	3.435444e-08
1.150000000000001e+00	3.435444e-08
1.160000000000001e+00	3.435444e-08
1.170000000000001e+00	3.435444e-08
1.180000000000001e+00	3.435444e-08
1.190000000000001e+00	3.435444e-08
1.200000000000001e+00	3.435444e-08
1.210000000000001e+00	3.435444e-08
1.220000000000001e+00	3.435444e-08
1.230000000000001e+00	3.435444e-08
1.240000000000001e+00	3.435444e-08
1.250000000000001e+00	3.435444e-08
1.260000000000001e+00	3.435444e-08
1.270000000000001e+00	3.435444e-08
1.280000000000001e+00	3.435444e-08
1.290000000000001e+00	3.435444e-08
1.300000000000001e+00	3.435444e-08
1.310000000000001e+00	3.435444e-08
1.320000000000001e+00	3.435444e-08
1.330000000000001e+00	3.435444e-08
1.340000000000001e+00	3.435444e-08
1.350000000000001e+00	3.435444e-08
1.360000000000001e+00	3.435444e-08
1.370000000000001e+00	3.435444e-08
1.380000000000001e+00	3.435444e-08
1.390000000000001e+00	3.435444e-08
1.400000000000001e+00	3.435444e-08
1.410000000000001e+00	3.435444e-08
1.420000000000001e+00	3.435444e-08
1.430000000000001e+00	3.435444e-08
1.440000000000001e+00	3.435444e-08
1.450000000000001e+00	3.435444e-08
1.460000000000001e+00	3.435444e-08
1.470000000000001e+00	3.435444e-08
1.480000000000001e+00	3.435444e-08
1.490000000000001e+00	3.435444e-08
1.500000000000001e+00	3.435444e-08
1.510000000000001e+00	3.435444e-08
1.520000000000001e+00	3.435444e-08
1.530000000000001e+00	3.435444e-08
1.540000000000001e+00	3.435444e-08
1.550000000000001e+00	3.435444e-08
1.560000000000001e+00	3.435444e-08
1.570000000000001e+00	3.435444e-08
1.580000000000001e+00	3.435444e-08
1.590000000000001e+00	3.435444e-08
1.600000000000001e+00	3.435444e-08
1.610000000000001e+00	3.435444e-08
1.620000000000001e+00	3.435444e-08
1.630000000000001e+00	3.435444e-08
1.640000000000001e+00	3.435444e-08
1.650000000000001e+00	3.435444e-08
1.660000000000001e+00	3.435444e-08
1.670000000000001e+00	3.435444e-08
1.680000000000001e+00	3.435444e-08
1.690000000000002e+00	3.435444e-08
1.700000000000002e+00	3.435444e-08
1.710000000000002e+00	3.435444e-08
1.720000000000002e+00	3.435444e-08
1.730000000000002e+00	3.435444e-08
1.740000000000002e+00	3.435444e-08
1.750000000000002e+00	3.435444e-08
1.760000000000002e+00	3.435444e-08
1.770000000000002e+00	3.435444e-08
1.780000000000002e+00	3.435444e-08
1.790000000000002e+00	3.435444e-08
1.800000000000002e+00	3.435444e-08
1.810000000000002e+00	3.435444e-08
1.820000000000002e+00	3.435444e-08
1.830000000000002e+00	2.249891e-06
1.840000000000002e+00	1.576607e-05
1.850000000000002e+00	4.149876e-05
1.860000000000002e+00	7.937750e-05
1.870000000000002e+00	1.293327e-04
1.880000000000002e+00	1.912953e-04
1.890000000000002e+00	2.651972e-04
1.900000000000002e+00	3.509705e-04
1.910000000000002e+00	4.485485e-04
1.920000000000002e+00	5.578647e-04
1.930000000000002e+00	6.788532e-04
1.940000000000002e+00	8.114492e-04
1.950000000000002e+00	9.555879e-04
1.960000000000002e+00	1.111205e-03
1.970000000000002e+00	1.278238e-03
1.980000000000002e+00	1.456624e-03
1.990000000000002e+00	1.646301e-03
2.000000000000002e+00	1.847206e-03
2.010000000000002e+00	2.059279e-03
2.020000000000001e+00	2.282459e-03
2.030000000000001e+00	2.516687e-03
2.040000000000001e+00	2.761903e-03
2.050000000000001e+00	3.018047e-03
2.060000000000000e+00	3.285063e-03
2.070000000000000e+00	3.562891e-03
2.080000000000000e+00	3.851474e-03
2.090000000000000e+00	4.150757e-03
2.100000000000000e+00	4.460681e-03
2.109999999999999e+00	4.781192e-03
2.119999999999999e+00	5.112233e-03
2.129999999999999e+00	5.453751e-03
2.139999999999999e+00	5.805691e-03
2.149999999999999e+00	6.167998e-03
2.159999999999998e+00	6.540620e-03
2.169999999999998e+00	6.923503e-03
2.179999999999998e+00	7.316594e-03
2.189999999999998e+00	7.719843e-03
2.199999999999998e+00	8.133195e-03
2.209999999999997e+00	8.556603e-03
2.219999999999997e+00	8.990012e-03
2.229999999999997e+00	9.433375e-03
2.239999999999997e+00	9.886639e-03
2.249999999999996e+00	1.034976e-02
2.259999999999996e+00	1.082268e-02
2.269999999999996e+00	1.130536e-02
2.279999999999996e+00	1.179774e-02
2.289999999999996e+00	1.229978e-02
2.299999999999995e+00	1.281143e-02
2.309999999999995e+00	1.333265e-02
2.319999999999995e+00	1.386339e-02
2.329999999999995e+00	1.440359e-02
2.339999999999995e+00	1.495323e-02
2.349999999999994e+00	1.551224e-02
2.359999999999994e+00	1.608058e-02
2.369999999999994e+00	1.665822e-02
2.379999999999994e+00	1.724510e-02
2.389999999999993e+00	1.784118e-02
2.399999999999993e+00	1.844641e-02
2.409999999999993e+00	1.906076e-02
2.419999999999993e+00	1.968418e-02
2.429999999999993e+00	2.031663e-02
2.439999999999992e+00	2.095806e-02
2.449999999999992e+00	2.160843e-02
2.459999999999992e+00	2.226771e-02
2.469999999999992e+00	2.293584e-02
2.479999999999992e+00	2.361279e-02
2.489999999999991e+00	2.429852e-02
2.499999999999991e+00	2.499299e-02
2.509999999999991e+00	2.569615e-02
2.519999999999991e+00	2.640797e-02
2.529999999999990e+00	2.712841e-02
2.539999999999990e+00	2.785742e-02
2.549999999999990e+00	2.859498e-02
2.559999999999990e+00	2.934103e-02
2.569999999999990e+00	3.009554e-02
2.579999999999989e+00	3.085848e-02
2.589999999999989e+00	3.162980e-02
2.599999999999989e+00	3.240948e-02
2.609999999999989e+00	3.319746e-02
2.619999999999989e+00	3.399372e-02
2.629999999999988e+00	3.479821e-02
2.639999999999988e+00	3.561090e-02
2.649999999999988e+00	3.643176e-02
2.659999999999988e+00	3.726074e-02
2.669999999999987e+00	3.809782e-02
2.679999999999987e+00	3.894296e-02
2.689999999999987e+00	3.979612e-02
2.699999999999987e+00	4.065726e-02
2.709999999999987e+00	4.152636e-02
2.719999999999986e+00	4.240338e-02
2.729999999999986e+00	4.328828e-02
2.739999999999986e+00	4.418103e-02
2.749999999999986e+00	4.508160e-02
2.759999999999986e+00	4.598995e-02
2.769999999999985e+00	4.690605e-02
2.779999999999985e+00	4.782986e-02
2.789999999999985e+00	4.876136e-02
2.799999999999985e+00	4.970052e-02
2.809999999999985e+00	5.064729e-02
2.819999999999984e+00	5.160165e-02
2.829999999999984e+00	5.256356e-02
2.839999999999984e+00	5.353300e-02
2.849999999999984e+00	5.450993e-02
2.859999999999983e+00	5.549433e-02
2.869999999999983e+00	5.648615e-02
2.879999999999983e+00	5.748538e-02
2.889999999999983e+00	5.849197e-02
2.899999999999983e+00	5.950590e-02
2.909999999999982e+00	6.052714e-02
2.919999999999982e+00	6.155566e-02
2.929999999999982e+00	6.259143e-02
2.939999999999982e+00	6.363442e-02
2.949999999999982e+00	6.468460e-02
2.959999999999981e+00	6.574194e-02
2.969999999999981e+00	6.680641e-02
2.979999999999981e+00	6.787799e-02
2.989999999999981e+00	6.895665e-02
2.999999999999980e+00	6.995656e-02
3.009999999999980e+00	7.079928e-02
3.019999999999980e+00	7.153293e-02
3.029999999999980e+00	7.218574e-02
3.039999999999980e+00	7.277562e-02
3.049999999999979e+00	7.331480e-02
3.059999999999979e+00	7.381206e-02
3.069999999999979e+00	7.427394e-02
3.079999999999979e+00	7.470547e-02
3.089999999999979e+00	7.511064e-02
3.099999999999978e+00	7.549261e-02
3.109999999999978e+00	7.585403e-02
3.119999999999978e+00	7.619704e-02
3.129999999999978e+00	7.652350e-02
3.139999999999977e+00	7.683494e-02
3.149999999999977e+00	7.713269e-02
3.159999999999977e+00	7.741793e-02
3.169999999999977e+00	7.769166e-02
3.179999999999977e+00	7.795475e-02
3.189999999999976e+00	7.820799e-02
3.199999999999976e+00	7.845209e-02
3.209999999999976e+00	7.868765e-02
3.219999999999976e+00	7.891524e-02
3.229999999999976e+00	7.913535e-02
3.239999999999975e+00	7.934845e-02
3.249999999999975e+00	7.955495e-02
3.259999999999975e+00	7.975523e-02
3.269999999999975e+00	7.994962e-02
3.279999999999974e+00	8.013845e-02
3.289999999999974e+00	8.032200e-02
3.299999999999974e+00	8.050055e-02
3.309999999999974e+00	8.067434e-02
3.319999999999974e+00	8.084359e-02
3.329999999999973e+00	8.100852e-02
3.339999999999973e+00	8.116934e-02
3.349999999999973e+00	8.132622e-02
3.359999999999973e+00	8.147933e-02
3.369999999999973e+00	8.162883e-02
3.379999999999972e+00	8.177488e-02
3.389999999999972e+00	8.191762e-02
3.399999999999972e+00	8.205717e-02
3.409999999999972e+00	8.219367e-02
3.419999999999972e+00	8.232723e-02
3.429999999999971e+00	8.245797e-02
3.439999999999971e+00	8.258598e-02
3.449999999999971e+00	8.271135e-02
3.459999999999971e+00	8.283421e-02
3.469999999999970e+00	8.295462e-02
3.479999999999970e+00	8.307267e-02
3.489999999999970e+00	8.318844e-02
3.499999999999970e+00	8.330201e-02
3.509999999999970e+00	8.341345e-02
3.519999999999969e+00	8.352283e-02
3.529999999999969e+00	8.363020e-02
3.539999999999969e+00	8.373564e-02
3.549999999999969e+00	8.383922e-02
3.559999999999969e+00	8.394097e-02
3.569999999999968e+00	8.404095e-02
3.579999999999968e+00	8.413923e-02
3.589999999999968e+00	8.423584e-02
3.599999999999968e+00	8.433083e-02
3.609999999999967e+00	8.442426e-02
3.619999999999967e+00	8.451616e-02
3.629999999999967e+00	8.460658e-02
3.639999999999967e+00	8.469556e-02
3.649999999999967e+00	8.478313e-02
3.659999999999966e+00	8.486933e-02
3.669999999999966e+00	8.495420e-02
3.679999999999966e+00	8.503778e-02
3.689999999999966e+00	8.512009e-02
3.699999999999966e+00	8.520117e-02
3.709999999999965e+00	8.528104e-02
3.719999999999965e+00	8.535974e-02
3.729999999999965e+00	8.543731e-02
3.739999999999965e+00	8.551376e-02
3.749999999999964e+00	8.558911e-02
3.759999999999964e+00	8.566340e-02
3.769999999999964e+00	8.573665e-02
3.779999999999964e+00	8.580890e-02
3.789999999999964e+00	8.588015e-02
3.799999999999963e+00	8.595043e-02
3.809999999999963e+00	8.601975e-02
3.819999999999963e+00	8.608816e-02
3.829999999999963e+00	8.615566e-02
3.839999999999963e+00	8.622228e-02
3.849999999999962e+00	8.628802e-02
3.859999999999962e+00	8.635291e-02
3.869999999999962e+00	8.641698e-02
3.879999999999962e+00	8.648024e-02
3.889999999999961e+00	8.654269e-02
3.899999999999961e+00	8.660436e-02
3.909999999999961e+00	8.666528e-02
3.919999999999961e+00	8.672544e-02
3.929999999999961e+00	8.678487e-02
3.939999999999960e+00	8.684357e-02
3.949999999999960e+00	8.690158e-02
3.959999999999960e+00	8.695889e-02
3.969999999999960e+00	8.701552e-02
3.979999999999960e+00	8.707149e-02
3.989999999999959e+00	8.712681e-02
3.999999999999959e+00	8.718149e-02
4.009999999999959e+00	8.723553e-02
4.019999999999959e+00	8.728897e-02
4.029999999999959e+00	8.734179e-02
4.039999999999958e+00	8.739403e-02
4.049999999999958e+00	8.744568e-02
4.059999999999958e+00	8.749675e-02
4.069999999999958e+00	8.754726e-02
4.079999999999957e+00	8.759722e-02
4.089999999999957e+00	8.764664e-02
4.099999999999957e+00	8.769552e-02
4.109999999999957e+00	8.774389e-02
4.119999999999957e+00	8.779173e-02
4.129999999999956e+00	8.783907e-02
4.139999999999956e+00	8.788591e-02
4.149999999999956e+00	8.793226e-02
4.159999999999956e+00	8.797813e-02
4.169999999999956e+00	8.802353e-02
4.179999999999955e+00	8.806846e-02
4.189999999999955e+00	8.811293e-02
4.199999999999955e+00	8.815695e-02
4.209999999999955e+00	8.820053e-02
4.219999999999954e+00	8.824368e-02
4.229999999999954e+00	8.828639e-02
4.239999999999954e+00	8.832868e-02
4.249999999999954e+00	8.837056e-02
4.259999999999954e+00	8.841202e-02
4.269999999999953e+00	8.845309e-02
4.279999999999953e+00	8.849376e-02
4.289999999999953e+00	8.853403e-02
4.299999999999953e+00	8.857393e-02
4.309999999999953e+00	8.861344e-02
4.319999999999952e+00	8.865258e-02
4.329999999999952e+00	8.869136e-02
4.339999999999952e+00	8.872977e-02
4.349999999999952e+00	8.876783e-02
4.359999999999951e+00	8.880553e-02
4.369999999999951e+00	8.884288e-02
4.379999999999951e+00	8.887991e-02
4.389999999999951e+00	8.891658e-02
4.399999999999951e+00	8.895293e-02
4.409999999999950e+00	8.898895e-02
4.419999999999950e+00	8.902466e-02
4.429999999999950e+00	8.906004e-02
4.439999999999950e+00	8.909511e-02
4.449999999999950e+00	8.912987e-02
4.459999999999949e+00	8.916432e-02
4.469999999999949e+00	8.919848e-02
4.479999999999949e+00	8.923234e-02
4.489999999999949e+00	8.926591e-02
4.499999999999948e+00	8.929919e-02
4.509999999999948e+00	8.933218e-02
4.519999999999948e+00	8.936489e-02
4.529999999999948e+00	8.939733e-02
4.539999999999948e+00	8.942950e-02
4.549999999999947e+00	8.946139e-02
4.559999999999947e+00	8.949302e-02
4.569999999999947e+00	8.952439e-02
4.579999999999947e+00	8.955550e-02
4.589999999999947e+00	8.958635e-02
4.599999999999946e+00	8.961695e-02
4.609999999999946e+00	8.964731e-02
4.619999999999946e+00	8.967741e-02
4.629999999999946e+00	8.970727e-02
4.639999999999946e+00	8.973689e-02
4.649999999999945e+00	8.976629e-02
4.659999999999945e+00	8.979543e-02
4.669999999999945e+00	8.982436e-02
4.679999999999945e+00	8.985306e-02
4.689999999999944e+00	8.988152e-02
4.699999999999944e+00	8.990977e-02
4.709999999999944e+00	8.993779e-02
4.719999999999944e+00	8.996560e-02
4.729999999999944e+00	8.999320e-02
4.739999999999943e+00	9.002058e-02
4.749999999999943e+00	9.004775e-02
4.759999999999943e+00	9.007473e-02
4.769999999999943e+00	9.010149e-02
4.779999999999943e+00	9.012805e-02
4.789999999999942e+00	9.015441e-02
4.799999999999942e+00	9.018058e-02
4.809999999999942e+00	9.020654e-02
4.819999999999942e+00	9.023232e-02
4.829999999999941e+00	9.025791e-02
4.839999999999941e+00	9.028330e-02
4.849999999999941e+00	9.030852e-02
4.859999999999941e+00	9.033354e-02
4.869999999999941e+00	9.035839e-02
4.879999999999940e+00	9.038306e-02
4.889999999999940e+00	9.040755e-02
4.899999999999940e+00	9.043186e-02
4.909999999999940e+00	9.045600e-02
4.919999999999940e+00	9.047997e-02
4.929999999999939e+00	9.050377e-02
4.939999999999939e+00	9.052739e-02
4.949999999999939e+00	9.055085e-02
4.959999999999939e+00	9.057415e-02
4.969999999999938e+00	9.059729e-02
4.979999999999938e+00	9.062026e-02
4.989999999999938e+00	9.064308e-02
4.999999999999938e+00	9.066574e-02
5.009999999999938e+00	9.068824e-02
5.019999999999937e+00	9.071059e-02
5.029999999999937e+00	9.073278e-02
5.039999999999937e+00	9.075483e-02
5.049999999999937e+00	9.077672e-02
5.059999999999937e+00	9.079847e-02
5.069999999999936e+00	9.082007e-02
5.079999999999936e+00	9.084152e-02
5.089999999999936e+00	9.086284e-02
5.099999999999936e+00	9.088401e-02
5.109999999999935e+00	9.090504e-02
5.119999999999935e+00	9.092594e-02
5.129999999999935e+00	9.094669e-02
5.139999999999935e+00	9.096731e-02
5.149999999999935e+00	9.098779e-02
5.159999999999934e+00	9.100815e-02
5.169999999999934e+00	9.102837e-02
5.179999999999934e+00	9.104846e-02
5.189999999999934e+00	9.106842e-02
5.199999999999934e+00	9.108825e-02
5.209999999999933e+00	9.110795e-02
5.219999999999933e+00	9.112753e-02
5.229999999999933e+00	9.114698e-02
5.239999999999933e+00	9.116632e-02
5.249999999999932e+00	9.118553e-02
5.259999999999932e+00	9.120462e-02
5.269999999999932e+00	9.122359e-02
5.279999999999932e+00	9.124244e-02
5.289999999999932e+00	9.126118e-02
5.299999999999931e+00	9.127979e-02
5.309999999999931e+00	9.129830e-02
5.319999999999931e+00	9.131669e-02
5.329999999999931e+00	9.133496e-02
5.339999999999931e+00	9.135313e-02
5.349999999999930e+00	9.137119e-02
5.359999999999930e+00	9.138913e-02
5.369999999999930e+00	9.140696e-02
5.379999999999930e+00	9.142469e-02
5.389999999999930e+00	9.144232e-02
5.399999999999929e+00	9.145983e-02
5.409999999999929e+00	9.147725e-02
5.419999999999929e+00	9.149455e-02
5.429999999999929e+00	9.151176e-02
5.439999999999928e+00	9.152886e-02
5.449999999999928e+00	9.154586e-02
5.459999999999928e+00	9.156276e-02
5.469999999999928e+00	9.157957e-02
5.479999999999928e+00	9.159628e-02
5.489999999999927e+00	9.161288e-02
5.500000000000000e+00	9.162939e-02
